26760
499291
492529
488043
490732
1085
500500
488686
500146
1325
478210
16957
1104
18863
1126
1114
492608
1624
1266
498355
499033
499034
1823
14189
500500
500338
1706
500034
1272
1757
500005
500320
498799
8610
1320
1102
500044
1332
498695
10581
500500
500500
500500
1125
488980
498526
1125
500500
500001
500357
500500
499214
15767
1637
2928
1095
1587
499171
500500
2469
500500
1593
500500
499187
500500
499922
18986
500131
1320
500323
19476
500382
500500
498891
500500
500500
482359
1706
485082
1106
499966
500500
500378
491437
498935
500344
500500
500500
1110
500387
500353
1120
500500
1687
11012
1670
500082
498839
1695
499068
500049
2777
1291
1635
1295
491150
13908
1102
500366
1312
486827
482035
1569
500500
2636
500500
1122
500386
500500
500102
500391
499254
1107
1113
498736
500500
1115
1629
1581
500029
2595
3100
500500
500500
14403
3110
488145
1322
500500
12377
1564
3290
1635
487868
16121
491987
499227
500065
500500
12753
1256
500500
494268
500010
500119
1332
500500
1587
492239
500500
492118
500329
500110
481328
1601
500500
500105
1640
498800
1310
1117
1263
1104
1304
491349
500500
1121
500500
1282
1242
500365
500500
1108
499260
498680
500366
480166
499134
1119
1538
472243
493706
15128
500500
500500
1305
1086
498234
500500
500003
15483
1638
9244
500051
483678
500500
1353
500355
1103
500500
1299
1596
1103
2869
1222
498563
500317
500343
1270
1641
1302
8213
500500
500500
498994
500500
499960
487769
15336
500500
500500
1259
500500
489033
500092
1233
1319
500080
18554
493053
499983
500129
1578
500376
1769
498682
1140
1131
500370
490290
500500
500500
500500
500350
500081
1262
500309
1263
1781
500500
2305
1280
15543
500071
500500
1104
498958
1590
499348
48834
500500
1272
499054
500500
500500
500137
500140
24431
1286
9314
500500
493179
1283
500500
500500
2582
500500
1294
1127
1680
500500
500072
500500
500046
500500
498953
1710
1228
500500
1583
3366
500133
500500
487900
500500
495389
500500
500340
500028
1773
1104
1305
499232
476283
1593
500500
1291
499101
1657
498982
1325
1111
1659
499379
498498
2952
485449
2659
2679
1602
500055
1102
3815
500500
498299
1640
2696
500119
499319
498665
477970
488316
499239
1303
1684
1113
500500
1578
1108
489255
10694
500319
500014
500500
500358
500500
1578
2790
499424
1294
1095
499255
499259
500320
500079
500500
493653
1074
499346
500368
500500
500354
1290
500500
500357
1101
1294
1263
1700
500500
500500
500113
1092
1586
1115
13120
500025
494096
499288
500500
500500
2827
1120
500108
499152
491188
1717
500327
500500
1257
500500
500500
500500
1262
498395
1250
500067
13863
500500
19870
500030
1248
500358
500369
500367
3022
499574
2787
500500
499141
1229
10774
483889
500500
500146
1679
483982
1742
500500
500500
1297
13365
500360
3016
11014
498963
11839
1591
2960
26312
500500
498617
500381
1673
24356
500500
478581
500500
500051
498907
1079
1094
1295
11970
500344
17701
500337
488344
23213
1110
482886
2911
500500
1620
498917
482439
1254
1117
2954
16145
1577
500500
1620
16276
499083
1105
1092
1677
1143
498890
1315
1108
500337
492236
498856
500500
1287
12425
500500
500323
500500
500362
500500
500329
1104
500366
500350
1307
500500
15734
1283
499364
1705
499277
500500
15439
499086
500354
1091
1300
1312
3039
1255
500500
500500
500369
35878
12992
2699
1105
500500
500119
500500
14792
500345
500500
1249
500338
500341
499907
476429
1278
2718
1108
1083
1297
500356
1285
500051
500110
2713
11446
1114
489935
1292
500107
500041
1303
13348
500062
500316
500354
3038
500080
1258
36095
3238
500349
500500
1274
1677
15579
500359
500500
1126
500132
500063
485668
2993
500500
1710
499349
1757
491585
481481
1108
1659
1127
500500
500500
499351
490486
1648
1307
498826
487067
490405
500366
1300
1112
3902
1693
500065
3210
1275
499248
1124
500500
499204
500500
488330
500500
500500
1110
1306
500087
499120
1300
498971
1105
499427
500099
1096
500500
1285
500500
1665
17633
18076
490616
500500
500500
499265
500500
3120
1095
1555
1690
500500
1679
500022
1105
500500
1332
500500
1116
1285
500500
2872
2995
1256
500500
498999
2614
2945
481838
1109
500369
1292
1678
2640
485448
1307
1337
3002
498904
10854
3071
1661
499074
488303
1100
499022
500500
498911
498890
12169
1599
498948
2602
1112
1286
483589
2724
500044
471629
1117
483046
500073
1567
1328
500018
500384
1267
3433
14190
500500
2493
500500
499368
1627
500078
480807
15323
500365
37121
11992
499236
500331
500356
500500
1290
16073
500500
500153
500500
1114
492166
500141
499107
477526
13642
487645
2853
1670
1093
3007
500500
472657
500012
14747
1111
1271
1112
2671
488086
500113
499401
1301
500135
499167
500500
1669
1632
2699
2429
500500
500088
500500
1107
500362
1097
3026
489257
36858
1716
499055
1664
1122
21209
2627
15049
14540
12467
500120
476403
1732
500347
498870
500341
500500
499056
1128
500376
498683
487226
2650
500500
1246
500500
500027
8610
2858
500500
500500
498948
1128
1574
1120
500382
500500
500041
500383
491608
1099
498804
499222
500068
500500
1277
500373
500500
1279
499054
3017
1287
500500
1083
1112
479971
10644
15248
500357
1606
500500
499179
1624
500090
499270
16470
13071
1099
491747
1238
1123
500079
1106
1293
488452
500500
498631
1736
500351
500500
1101
1541
1305
15987
500037
1332
16421
500374
1642
2828
1609
500358
489551
500352
1303
499052
500500
500500
500033
500345
500500
500001
13957
499001
11083
1795
31938
499982
500500
3768
500500
499069
1238
499173
18532
500362
500034
500352
15266
1628
25002
2556
15239
1656
1570
500321
1284
500500
3041
20593
1305
499362
499228
500373
500500
3196
500051
499098
500376
498923
498606
481308
500500
487780
2585
1595
490746
1596
480826
500500
1592
500046
499192
500500
500500
500500
1276
1099
1248
8950
500500
500500
1259
500078
27975
500122
500010
499286
499189
3301
1115
500113
7861
1767
500374
2663
500067
1693
500390
499870
500500
28543
487354
1661
1573
1114
500500
484255
500018
1108
1116
500500
500139
500500
500500
500500
500500
498964
1298
500324
499222
500500
500500
1321
500363
499176
500348
486592
1535
498705
1289
1600
500500
499011
16584
1599
500500
500500
500332
500326
1645
500130
1275
500500
1101
476740
480277
500354
500075
498688
1634
1115
498841
9204
1807
489375
1111
1682
1313
2850
500363
499417
17635
500057
500500
3386
2734
1767
488578
500500
1358
500376
500163
486828
500500
498966
1590
499205
482307
1612
486595
500092
500105
498942
500122
500500
2756
2939
14252
1106
494318
1328
500500
500500
1308
500500
1636
1662
499995
1645
500344
1764
15842
500500
2692
11194
500342
500382
500055
500500
12963
1283
1116
499388
500500
1645
18257
500500
500333
1118
500145
500500
500363
17783
1279
1105
3228
500500
1105
500114
1130
500500
493773
1133
1297
1591
500500
498967
500500
500500
500500
500361
2754
499270
2750
499277
500500
2384
1261
2497
2836
1627
18825
1266
483495
1108
500357
498739
1653
500336
1110
1586
3145
485283
1119
500380
3038
498910
1588
1108
1656
483652
500500
2998
22237
499125
1317
1813
3443
485477
476834
500500
500098
1118
1280
500180
500369
499014
499104
500500
1301
18717
499969
485468
499145
500100
1305
1281
1096
1297
1123
1100
499962
500500
1112
499249
1674
1247
1120
500074
1664
10809
11493
489362
2862
500500
486022
499302
500054
500399
500500
2824
500338
500500
498908
3070
500086
500500
1330
500372
500353
500141
500345
500500
2847
492863
1692
2413
1250
11259
1108
489829
2788
1581
2653
500500
1135
1274
500078
3795
1726
2574
1111
2878
499493
500500
488143
1722
488475
499203
2593
500500
1107
2885
1105
490127
1126
1296
1665
500500
1272
2662
1644
1746
498719
1124
1608
2824
489811
482673
499093
20560
3484
500051
12371
485338
500333
1102
1112
1224
500500
1116
1095
2845
1607
500500
1118
1108
498811
1264
1249
500500
3049
1106
1104
490197
500047
487127
500352
500500
500397
498793
20288
500500
500026
499210
500500
11381
1106
500372
1112
1108
1303
1310
498803
500079
500500
1126
500005
500500
487679
1106
1642
500404
500163
3168
16242
1093
1116
500354
500500
500500
499453
500500
1245
500126
500350
500345
500500
1274
500500
500500
1299
10507
500033
1261
1289
1092
1302
499179
14597
486499
1266
10821
500357
500500
457973
2724
2583
500109
489963
26435
13250
1276
500349
500328
486187
2645
1248
500500
500286
500003
1636
1262
493167
1794
500376
1295
500019
499280
10236
498657
499218
499440
500500
2854
1310
1278
485137
3162
26342
500339
500341
500173
500354
500086
490092
499297
1614
500112
490014
500052
500082
500500
500500
500500
17790
1673
1341
500015
486271
499015
1298
494702
499128
500500
1725
1800
2494
500055
1279
500030
11303
1286
1326
2456
1334
1110
1259
500335
1110
499946
1647
1120
500137
1684
500350
1351
3350
3504
500090
18693
2932
12713
1256
500500
2877
500332
1247
500500
500109
500358
1620
1279
1089
500500
500500
1121
12603
500380
483509
2794
500014
4427
14726
499354
500057
499101
1807
490623
498763
500032
3531
500500
14420
500059
1330
499116
499953
500500
500377
500059
500500
500036
30438
500500
500500
1284
499070
1242
499005
500500
500500
487625
500500
499188
500500
487390
1305
2651
500500
1857
491941
500037
1275
500500
27633
1587
1284
1616
499239
1269
498944
25650
500500
500069
500100
1694
498922
500047
500022
1279
500074
20337
1677
491129
1111
2972
500500
488945
18316
482740
483264
1273
2539
500500
2959
500500
498688
500025
489544
1844
498913
500014
2447
13649
500098
499181
2646
500500
500353
1346
1107
500500
1116
499208
500356
1302
500358
499672
1105
1280
457262
18725
500500
500500
500108
500048
499196
1866
1258
12982
1261
1648
1249
492711
12476
500077
500342
500500
1297
500500
490361
500500
1269
1304
16813
22033
1620
3104
500500
500500
500093
500500
499505
500066
498991
1274
486168
498850
500500
500064
500020
500500
500500
494453
500124
10135
500320
500500
1662
1691
1301
500359
14773
3101
500350
500341
500500
500500
17308
14994
1256
1291
49309
1119
500025
500500
488591
13203
1693
6790
500065
500500
1651
1344
491449
500365
500378
1112
1316
500500
500400
1273
500360
499100
500500
500102
1255
1117
1556
2923
1668
20235
500094
487682
1325
1109
486712
2683
494222
500368
1109
2440
1363
1619
1332
500500
500500
15822
1295
500500
1268
2625
3129
1763
1283
3436
500500
1099
1295
500500
1133
500054
1136
500374
499480
500085
498906
17337
473416
1112
1251
500500
1717
1552
499982
500111
479036
500500
500142
498283
500350
500365
500500
500500
498996
2671
498808
500179
9738
498558
491246
14517
500500
500131
1603
500359
500500
1108
23325
500500
499294
1735
11780
11204
490056
500008
1084
1560
500088
499344
1548
500077
1321
482966
1108
500500
1105
500356
500500
1122
499002
1097
500500
1767
500500
499289
500071
2973
1250
1110
500500
484251
499588
500136
500359
500367
499192
1307
500500
500500
498517
500500
500500
12529
500500
500361
1283
500127
1699
500082
500500
1740
1691
500500
11417
1718
500500
498674
487104
16582
3781
17432
484940
1094
500347
500359
3143
500500
500380
500500
1115
500500
500332
500500
500090
498697
499167
2735
1304
500500
500500
500341
9027
1638
500500
500359
2569
1117
484688
1243
500060
2914
491700
500350
9825
1112
500326
1745
1269
1783
489978
1300
500344
500500
500048
492352
499999
488096
1360
493418
500134
500500
8750
1284
500358
500356
10015
1298
500340
500500
51673
1340
500500
499063
500500
1648
1282
499342
446449
500352
2759
1295
1287
3122
500365
499270
2801
499160
500500
499215
498876
500500
1122
1298
489537
10424
500500
1317
500500
500334
500060
483904
499164
500106
12029
10255
1349
500102
500052
500387
499615
41335
500308
20288
500500
472691
499081
3136
500500
1116
1620
500500
3969
1253
499596
500068
458098
499070
500500
13865
500500
19760
3101
500084
2868
2781
500500
1628
1261
1104
1287
500500
500500
2854
19514
499356
500088
1667
2693
1589
1591
1263
471234
492291
2834
1113
500094
500500
3091
1532
500500
500500
499221
500500
499240
500018
500500
500338
500500
1306
498723
444859
500500
490046
486732
1128
500500
465614
500500
1322
1093
12648
500354
500500
491794
499007
500373
3119
3044
491814
13894
18366
500500
486787
492082
492188
500088
1303
2767
499957
1293
1592
500338
500500
2793
479666
1306
498987
1335
500500
1126
18335
489197
499149
20501
499063
500500
1109
1600
500500
1294
487293
1560
498982
1691
1112
500168
1337
499228
1106
500333
36142
1114
500500
1664
35446
483950
500345
2622
1581
1794
500500
3005
500500
1741
1601
1708
500121
16103
1693
500500
500500
500369
2594
1110
500500
500500
1326
1106
500123
1639
1575
14960
500321
499509
500103
1139
9930
500349
500107
499068
500500
1122
1149
500500
500500
17492
3010
3413
1315
500500
1116
500500
1611
490624
22157
500068
500500
500044
499059
498943
2810
487041
500349
500361
1112
500500
500500
500369
1128
499183
500500
1288
500087
1306
2620
500500
1111
490501
8723
500500
500379
480950
1519
490152
9997
500010
499341
1109
500500
500337
500500
479793
14661
500500
1093
500500
1269
499975
8511
1658
1525
500053
1106
1309
500500
1666
499188
500370
499156
1109
500500
500500
500031
2380
500500
500335
500033
500500
1135
1268
486729
2672
500500
1244
500115
500386
2918
1838
500349
500378
1263
500341
500500
490209
15450
500368
500500
482143
500332
500336
488175
500500
1279
498808
500054
500000
1315
500375
500370
2491
487088
1272
489428
500304
500500
1541
2865
1281
500072
1113
1093
500349
3541
500370
3288
500500
2651
2801
12581
1273
2612
500500
13415
3158
17369
1292
500500
3079
498908
3264
500500
1591
491480
1262
1271
500500
489783
1627
487969
500500
2728
1307
498994
500361
491565
483877
1097
500128
499093
1940
1142
1102
500500
500500
2810
500500
500091
486869
491158
498992
1118
500369
493077
499972
2805
2689
500044
499024
498843
498715
1575
1612
1269
499905
487186
2965
490227
499254
497957
1601
1331
1120
13930
1127
1111
500500
500500
500357
1921
1299
1663
500105
483281
500500
500500
499995
494101
2900
500500
1520
500391
9470
1295
3012
2925
2800
500150
500359
499248
1084
500500
500333
498969
500102
500136
11600
17662
500500
498983
499901
488557
500500
498836
13300
500361
500019
498796
1116
1313
13625
2903
2672
16521
500330
2912
3099
1284
499324
500152
500500
499988
500500
500048
500098
1590
1516
2852
500102
500500
499269
500500
1286
1290
15108
2647
19225
491470
3131
490612
499202
2813
500056
499105
1107
500360
1556
2745
500385
500500
490479
1550
499913
500500
498930
1285
500363
500125
498844
492947
3044
492679
1133
498290
1659
500500
495097
500500
494941
11077
1120
500108
1617
500123
500359
1103
1646
500500
1107
1113
484747
499949
14142
499913
1708
500375
482740
500500
1701
500327
2671
500391
498993
3087
500500
1317
1620
1121
1102
1632
1690
1738
485704
500122
487892
3063
1667
499245
15556
499339
12877
500500
500500
1300
1347
1109
1809
500500
2700
484722
1586
1093
499157
2857
3111
500500
1304
1244
499976
1660
500076
500359
499227
499892
498760
13113
485926
500500
1119
500500
1730
1700
480000
500397
500500
18141
499228
1098
3053
1106
500050
1636
1289
500331
500500
3272
1548
500336
1580
1260
1102
500345
498751
1323
488047
481925
1112
500500
477636
1260
500335
499971
500089
11539
499214
3002
18185
500500
500500
21726
2787
500366
500053
483046
1133
480524
500500
1106
13459
500500
14916
500500
499988
1664
1649
1136
500344
500500
500104
500500
500500
2853
478796
500360
499176
499215
500500
500358
499341
1121
1117
500500
499219
3755
500072
498767
1275
2796
2596
2862
1108
1287
21427
498833
499047
500500
1109
1105
499067
500500
499228
1307
500500
1601
492636
1830
2798
1091
500500
11501
22778
2576
500500
3019
500500
498508
1282
500021
500500
491077
3379
1291
482792
20104
500053
500500
35558
1095
498955
500500
1107
1112
1108
500500
1259
13470
500056
1308
3222
11569
500500
1118
1327
480092
500095
498948
500500
498949
1730
483559
500500
500500
1625
1288
2839
500027
500500
1240
499996
499985
21344
500500
3289
499988
500500
500500
500500
1634
1098
489218
493719
3002
498902
1570
3053
500351
500500
500338
498679
500363
500144
500500
500500
500500
1277
500500
1291
500500
1274
500130
500500
16348
1108
1092
500119
1312
1332
2487
1107
500500
1116
1256
10344
500065
500500
500500
2801
489373
500023
1224
500023
3186
2726
1565
493267
1335
1635
1685
500339
500090
500346
2682
3725
500500
3166
15096
500500
3724
500367
500500
1101
500500
500500
500500
500500
1724
487502
1629
500500
499052
12073
500500
500319
500325
500046
500348
450984
500359
499139
500500
1116
481078
1253
500368
17721
1299
500343
500500
1349
487201
500500
3620
1119
500500
500347
3956
1617
1640
1263
500020
3067
487647
500110
500500
1096
490631
498908
1130
484916
16638
486221
500500
1696
500304
500500
1118
1119
500500
11949
484945
10557
1122
2832
500500
500500
1091
499070
500007
500059
483634
500500
12623
498405
1722
2890
1108
500500
499973
1686
500500
498805
2432
498810
1308
500500
500500
1282
500075
500500
500500
500500
1733
1787
490761
487518
500500
1099
500063
499283
499201
12509
1749
1697
500500
500353
499973
500367
500019
500500
18704
500500
500500
1287
500500
1629
2644
500376
1367
500306
500071
1638
498713
2959
500136
500500
500500
1116
500065
498899
15337
500500
500355
500500
500098
500366
500500
499176
500373
500500
1113
14514
1710
499973
1760
1288
498967
500500
500372
499419
500345
2935
1119
13822
9516
10408
500500
1731
1286
499015
2601
500070
499937
500035
500500
498953
500369
500500
27399
500500
13543
500134
500304
500500
500054
2858
18764
500500
486304
480225
1129
1097
500500
1279
1313
500500
483559
500358
492191
1335
1617
500500
500053
483041
1254
2881
499008
3019
500325
500367
500352
1634
1292
8369
499129
500500
1820
479443
500045
18814
489688
27040
1112
500500
499998
1127
1117
500061
1127
500500
2445
1286
23025
1093
500500
1103
1097
500344
1130
15539
479922
500500
500500
500362
500111
500355
500500
500500
500126
1321
3184
3064
452923
15977
2860
1247
15978
498737
1622
500098
500500
498827
498853
500500
500500
482469
500500
500500
3166
500500
1122
500183
3435
1707
500358
498499
13130
1553
500361
13790
1097
499335
500338
500157
13216
1103
500361
17684
500013
2494
3526
1296
499267
499191
1653
3182
481389
500367
2791
498918
499947
1088
1107
500368
500088
18592
19038
1110
3403
1292
499180
30358
500500
1131
500500
500500
14298
1627
1759
500107
1118
500500
499955
498714
481948
1119
10490
1724
500500
500084
500500
1653
1130
1100
1310
500015
500500
479983
498745
500500
1275
1296
1112
500500
500361
1268
500500
26835
499034
500500
499977
498827
500500
1121
1243
500500
12786
499077
500347
500500
3280
500500
500014
1120
1108
499989
1122
500500
1287
3615
19955
2895
1674
500052
1721
2950
18059
1320
21708
2783
1088
499238
480966
2594
500500
500500
1861
2793
500500
500098
1298
1598
3115
492609
499030
500500
1103
493837
1284
2935
489683
500500
16754
24731
500500
490468
500500
2450
474113
500500
1313
500500
1285
500117
1133
1115
2813
498780
500327
500500
500500
1302
2709
1280
500369
500054
1093
500500
1108
2967
500500
14649
500046
500356
500500
3110
1713
3000
488594
500051
500500
1113
500500
1309
500500
1679
2982
500500
12427
1102
1540
500500
500500
498980
499969
1256
500500
484700
500500
1283
498889
2700
500500
13304
498071
1104
498444
1117
10604
500094
1672
38597
500500
16159
9487
1387
487340
500500
2831
1884
500500
2839
500500
500372
498097
500500
500500
500500
500500
500500
1350
500500
499993
500500
1121
499240
487736
499204
1109
498783
500085
1293
1113
500500
12933
1285
498970
499178
500368
498925
1293
1174
500500
1097
477180
9616
499252
2809
1278
1683
500141
2833
500346
1303
17773
500500
498951
488006
500500
1680
500500
500078
1090
1604
3044
2723
500366
467468
1573
481378
1256
1119
8971
1116
500327
490236
498535
498786
1112
488793
500500
1635
498809
500500
500500
500500
1801
1100
500346
500500
488457
10798
12726
500500
11623
1278
1118
500500
2980
477666
500024
500500
500375
17666
483305
23208
2907
500500
1733
2856
1257
1250
500500
12880
498961
499459
1124
500500
21302
2697
1715
1633
487189
8733
2962
500500
1092
500500
17167
1600
493818
1099
1107
15464
3033
500500
1570
483812
1331
499108
3475
1257
489518
1105
500043
1278
486707
1874
500372
2660
500183
500366
11241
500500
500069
499311
1276
486715
499069
499869
500387
500370
500349
500500
485959
500500
15849
1296
1278
15970
485627
500065
500029
42155
500362
1108
487394
498718
498866
500500
1826
500374
500371
1639
1102
500500
500500
500500
1297
499389
500500
498946
2654
499357
17934
500500
1664
490248
500500
1258
3443
1127
500500
500500
500011
500089
500149
2748
500377
500500
500500
18803
500500
485725
1124
500328
2916
498729
2789
487833
499144
498851
500500
10818
488563
500045
13223
1633
2507
1110
500500
500500
1667
3173
500068
498450
12169
1093
1643
1112
3119
498783
2854
1585
3450
1109
478304
1103
500500
1338
1306
1665
1264
500080
500500
500087
1339
499283
11376
490701
500500
500041
500369
500500
480110
500364
484351
33665
1129
498499
1108
3008
489131
1648
500069
499214
500358
500500
500098
500500
14148
1554
486694
9259
482299
1279
19321
13934
1290
500500
1115
3558
499007
3386
490542
500353
1304
500500
1580
500500
500051
1632
1681
500500
500361
490390
1262
500376
483353
486521
2762
1119
3128
489613
1286
500362
1108
11538
1249
1121
1595
19587
500500
500500
479135
15662
2829
2484
499166
500500
1272
1102
500500
500383
1103
500500
1119
1113
472466
500016
493830
500071
500069
1622
16905
499274
3422
500358
493603
463822
500381
1640
499051
1752
498935
1104
500377
19711
488220
499111
1727
500500
1094
500500
491294
492002
492799
12512
471492
3119
500306
1112
498898
1097
500323
14160
2507
1270
1117
3276
499147
1106
500500
1101
1675
1316
481999
499109
1719
500361
500500
499161
2911
500369
1115
1282
1092
2572
11550
500345
500500
500500
500351
500371
500106
500363
1313
11998
1116
1123
18536
1657
500500
500064
500500
1286
500337
499165
1121
499281
3324
1109
1258
1266
498530
1283
498934
499146
24954
1549
499122
499253
500500
499047
1814
1274
500500
486268
498935
1676
2426
1714
500057
499138
2850
500317
1316
500077
20553
493755
500500
1300
3682
1688
490775
500500
487121
1272
1128
500500
500500
11096
500500
1713
1308
500110
3160
500370
498697
500500
499044
500500
500029
492021
500500
500330
1713
488842
13699
1103
498358
8376
500500
13958
1289
493525
1679
3306
17086
2637
492600
1109
25752
500123
498601
499983
499431
1129
500500
500051
1690
500500
1677
500500
500354
498755
497613
1121
1247
500500
1090
500500
500500
500500
500500
500361
2616
1131
2739
11799
1285
500500
11536
500002
12559
4511
500500
498814
500362
1669
3294
499155
500127
19178
3080
1716
498955
500106
491448
489708
500500
16994
3515
490459
14869
1140
500500
2808
500298
14780
2650
24668
500317
1603
500500
500336
500364
1316
3161
1260
2727
1112
500081
1120
500062
500500
500500
500500
1328
499143
500500
500500
500500
482696
500500
500500
500150
500500
1616
500097
489300
9592
1110
499925
1115
500345
500328
1101
16247
492173
500368
486420
2887
500500
1105
500340
500285
500500
500141
3002
500500
1300
500500
3166
1693
500500
500500
1688
24937
500500
500066
500057
1632
1688
481512
500366
500500
1607
500358
1113
500500
500500
500320
1120
500500
12611
500339
1273
1123
1299
1106
500500
500500
1314
1624
500500
2772
3735
500378
500354
500308
479828
500500
1128
1111
2803
1335
499460
1106
10829
1253
500500
500110
500500
1124
1316
500500
9046
500064
499991
51742
500500
2870
485802
499078
3100
499125
473233
486477
2985
499270
499988
500500
500352
36012
21779
499140
1120
500060
1118
498826
485529
500500
1106
1286
1284
500500
500335
500500
499049
500364
500500
499101
1242
500500
2725
1304
500359
1303
3082
491055
500500
500037
500360
500500
1320
500500
3481
500359
500380
2564
1633
16533
499322
22419
1608
480777
500500
500368
2742
12724
499124
499189
490709
1265
500500
500500
1728
2689
500500
500081
1302
1285
8679
498974
498374
499012
500348
493273
1106
500500
500343
2409
499287
3456
1786
500500
500500
16684
500500
9585
2623
498736
500500
500500
2874
500500
500500
479775
498994
1611
1766
1615
500500
12419
500075
1125
498569
484859
16765
1115
500500
500500
500500
500361
3025
1632
498945
17688
1317
500500
486709
2885
2656
499128
1348
14355
499171
1290
500500
1772
500500
1274
3267
3144
500500
499305
500323
1114
500021
1296
2796
12349
500500
495013
500500
499176
1284
500500
498844
1272
500058
499426
500500
500500
9502
500500
485132
500076
1759
9882
1603
1267
1300
11684
500331
20044
500500
1115
1582
500500
4249
498196
500500
500127
500500
1301
500500
500074
15729
500101
499253
500011
485515
499173
500500
500341
2871
2729
2994
500108
1279
3503
2861
1249
3359
13912
499262
483322
2484
500500
499137
500072
1339
1721
500354
2776
1784
500500
487736
499131
1274
2745
500500
500500
500109
500392
500167
484136
500155
500500
1581
1141
499170
500500
1580
500500
500358
500370
500500
500500
478642
500500
500500
498452
1302
13987
500500
2311
499050
1130
19711
3726
10373
1286
499441
498560
500070
486631
500336
17064
2676
500500
500500
500500
500500
500102
499214
500086
500500
498969
500355
500074
1275
500500
1127
500068
1610
1100
492205
2887
2657
500341
1281
500500
500355
500500
498364
1679
1517
498635
1685
2943
19853
500500
3100
441534
500332
500057
500500
490879
1649
498969
1258
500047
500375
1267
477722
20298
499985
2935
499371
1107
498790
499330
3288
489639
1652
1302
500500
17222
1282
500376
500500
1266
1271
1134
1121
2831
1734
489304
500500
500500
1719
3199
481784
19178
500500
498802
1555
499048
500500
500359
2997
500500
1746
500500
500500
500500
1114
500500
2725
500500
3187
498315
1275
3067
1099
500351
500327
500500
2907
500351
1755
487349
1098
1294
1783
1626
1774
1275
500500
500500
1114
500500
19010
500371
471241
2818
1651
1115
488886
500500
2687
2706
499196
500500
2633
16679
500058
500500
1689
500079
500384
2699
3116
483730
20939
500500
500213
499341
1752
499426
14978
500500
499370
500073
1330
500500
3052
2934
500500
500368
500500
1270
499280
500500
500500
489296
500001
13143
1126
477940
1736
498927
1309
500109
498949
500176
500384
2924
1284
1610
1311
500043
483143
1604
500500
11560
500130
1108
22686
499187
500500
1109
500500
500378
9805
1107
20541
1105
1270
1121
500500
500500
1567
1323
500371
10811
1117
499988
500134
2387
1563
500500
1290
14842
500311
494101
2538
498807
19367
14004
2763
3018
500500
13392
2602
3172
500361
500500
500337
500500
500500
500157
500500
2612
2692
500350
500500
2593
500500
500500
500500
499996
15150
14492
3593
20784
500500
1681
500366
500500
1110
500344
1124
1628
500500
1120
25553
1108
500332
499191
10787
1652
2801
1737
1309
500500
500500
1334
500345
500500
499165
1103
37233
1313
1597
498727
500500
500500
1308
500067
500500
1273
1273
500500
1100
1122
500500
19493
19904
465095
14453
1111
1115
500500
500500
1331
499393
500500
1313
499295
500343
491651
1095
500081
1304
2931
500500
500157
500117
1522
500345
498364
500500
500325
2540
1272
1690
490019
500500
498947
500115
500500
18266
500017
1104
1097
1597
1272
500333
3031
11826
1097
2872
2659
1117
500341
1638
1658
500500
1600
1295
1239
3054
500500
500500
3488
500356
499340
500500
500139
16241
1593
18336
1263
1286
1257
1120
479854
500362
500071
2810
498955
1690
1106
12111
490539
500500
500500
490743
20607
1097
471188
1298
1701
500348
500500
1315
2620
500500
13928
500355
500500
500362
498995
1302
498963
500500
500343
499259
500500
498928
1113
500500
500500
500500
499307
1319
500500
499996
500039
500500
500500
2584
1087
1317
492316
500107
481092
1105
500112
500035
1641
500376
500371
500017
1276
500500
500363
500365
14847
1100
499394
3169
498907
500087
499219
1134
499072
499285
1108
500500
11132
1319
34072
500500
1764
2697
500345
500013
1329
500036
481790
498827
500500
15241
500500
500500
31876
1289
487241
1283
485447
1297
500158
1287
500500
500377
500500
1667
500324
488051
1115
500500
1100
500500
1273
2682
1627
500068
12030
1634
500500
498732
25694
500071
479869
1284
15773
500345
500500
1268
1118
500500
500352
1098
499994
1285
500500
500500
476573
1629
1740
499236
500500
499296
500305
500354
500357
499471
16888
21225
500500
500500
485762
498892
500500
500340
477528
1305
1713
26745
489099
500326
500500
500500
2813
16955
21529
498590
3430
488457
1658
499152
499192
1095
1290
500500
498452
11990
1280
500500
500359
1283
500500
488147
35549
3011
10576
500500
13459
1330
1828
16625
500095
2922
476915
1346
500349
2755
1635
7658
499001
500500
500500
500149
22155
1286
500500
1110
1248
500103
500158
500066
2657
480655
499034
3345
500366
1112
2909
479557
500345
1262
500500
489256
498732
498989
1112
500500
21725
499210
1651
500061
12987
500081
500354
500500
1626
500344
500500
499985
500500
1106
500010
1716
500353
500500
2520
498436
2570
1238
500347
1103
2610
500500
500500
2489
500500
499982
1706
500500
2696
500500
487848
15824
1246
500500
500500
500500
16655
499255
1105
1616
499383
492394
1119
1118
1279
2873
481419
500500
500328
499154
1351
500068
1256
500500
500037
500500
1344
500087
489932
1098
2918
500357
500500
9040
482931
500015
1670
26300
491692
498733
2750
1281
500337
499946
1744
499943
2721
1102
500137
500500
500500
1107
500500
1574
500381
1621
500500
1330
500500
500500
500500
500500
2437
1107
500059
1663
500500
498887
500130
3242
500341
500358
500006
3189
500354
500500
2310
1659
1117
500381
500127
498811
500038
500500
500041
500500
500332
489305
1094
1309
14877
500500
11921
500500
1122
1127
1648
1094
1661
500500
500373
498854
1140
500500
499337
500500
500348
500316
499398
1340
500500
500009
1287
1267
2828
500376
500500
489160
1320
500500
1267
500500
2651
499240
500500
1762
500500
1724
36768
500500
500500
1111
499987
500099
499452
500098
500500
499938
1118
1289
1352
2811
2924
8715
499305
500500
1107
499466
3121
500500
21129
490798
492797
500356
1319
1654
487384
499452
500500
1602
1099
1102
1595
500086
1243
11664
500137
500387
1573
1570
1121
1107
500500
498744
500500
1348
493828
18564
1124
1618
1653
1519
500500
1108
500362
2575
1094
1308
1619
1123
500500
499464
500500
1299
1105
500027
499270
500066
500500
499040
499207
1088
500500
10854
494756
2593
500500
54140
491134
3456
1278
1104
1308
498665
499091
500500
500333
2770
500500
500500
1594
500354
500500
1287
500500
13058
500500
1573
1642
500500
1298
500041
500500
500337
458682
500348
2938
500500
1110
500032
1598
500364
20481
500500
500370
1113
500358
500377
467029
1308
500500
500500
485493
1279
1724
1606
500013
1846
500344
500339
499040
3354
1680
2993
1114
484151
1104
500500
486532
500032
500500
499061
1687
500500
500061
500500
500500
493119
500500
500356
487687
1717
500500
500500
3190
500366
482675
1726
3173
500374
23962
500500
1285
2897
500001
500142
499266
500500
1320
486847
1660
2480
500369
500500
1719
498998
488509
1604
1289
2991
484838
9900
500364
500056
1642
465539
1112
500068
500355
1576
1323
1263
500093
500500
493685
500500
1700
1268
498976
500500
470334
500500
500500
2501
491811
498946
500500
500500
500500
13642
500330
1121
1607
499960
1694
2551
1112
500500
1670
500377
24270
491325
1617
1678
2590
500113
500137
500373
1260
1108
485162
1762
2999
500376
31211
1106
2657
500500
490738
1664
1109
1661
1239
498864
500500
500064
1086
482668
29533
1622
1098
499172
44464
500101
500500
1669
500500
500500
2849
2768
500500
1249
500500
499066
500500
500500
1653
499243
485998
1099
500038
498976
475416
1581
10518
489438
500052
1688
1362
499107
500500
500108
2917
1271
1128
500500
1099
500350
500350
2832
500193
500335
500500
1695
12755
500376
470856
489523
500107
500113
2646
1126
1651
500500
2442
498908
1122
3018
1105
500500
500329
1109
1092
1121
1126
19482
500500
1715
17277
9738
13716
1332
499358
500500
3306
500500
500090
498906
9731
499142
500500
13640
1732
11271
1293
486867
1116
3175
499144
500500
500500
1299
500500
499121
1223
499583
1242
500090
486770
470661
1687
1233
1272
8413
500105
1264
1304
500367
1122
1088
500500
500082
1649
1328
499132
1262
499996
500399
500500
16477
1276
472345
1267
500500
484469
1107
500500
1086
493395
14478
1767
499183
500085
1129
1106
1713
499273
2825
10821
500500
1294
500359
2999
500500
1337
499099
500073
15410
1582
485606
3529
478494
1288
19309
499179
1108
499314
1315
498678
1285
500500
500500
499962
500500
499377
500500
500108
500500
11132
1126
485461
1140
498761
1656
491520
500500
2462
1112
500500
500500
500339
500500
1611
3081
499114
1266
3114
500500
500035
488488
2719
500500
499978
500500
11901
500390
1284
499544
15753
14271
500500
499155
500500
500038
2614
1112
500500
499060
1277
20617
500500
500372
1313
15911
500089
500373
498577
2836
500377
500354
471041
499050
500500
499192
500376
500500
1245
13787
500053
500365
500080
30339
1302
3114
486493
13481
499374
1131
1100
2820
500500
20281
14471
500370
1252
500500
1646
11421
488940
500500
1252
1330
1112
499525
13603
499960
1636
1267
1704
500111
500355
500367
500500
499189
1298
500500
1110
500024
1309
1105
500354
499090
500125
55411
1259
500158
1115
500500
492631
1654
13140
1539
1110
500110
500353
1109
1655
12813
3641
500350
500500
1610
500500
485217
1676
1592
1631
1649
1288
500500
500500
13305
15449
2865
3153
1293
500065
497807
500357
8285
17374
1131
489914
500344
1283
500126
1136
2937
500500
1291
500500
19365
500353
2460
500086
500396
500500
498968
2846
500500
495269
2342
1255
500500
500331
499043
498459
500500
499068
9730
1700
1644
19083
1618
15936
500329
1690
1319
500330
491872
500044
1342
500363
2931
1264
500500
1293
1096
500500
485314
1112
500500
3068
498590
499433
498753
500500
472190
16062
500056
1104
499237
1103
1738
500500
499994
500362
475280
1113
2871
2907
500369
499128
500018
500500
1560
1094
500500
500500
2886
500500
500500
3254
499924
1101
480551
2661
498840
492752
1115
500139
1282
1607
1109
2987
1111
499248
498788
500500
1708
1329
1701
1577
13889
1298
500042
1361
2876
3293
500500
1096
499899
500500
1299
500500
1086
1300
500339
498776
19002
1681
500337
2566
11925
1644
500373
500362
500353
13750
1730
499338
2737
1118
1119
500361
1129
500500
499179
488902
2651
1088
500500
492042
483421
8872
500500
500376
500500
500500
1705
1336
499317
484048
2542
1516
500500
500500
1113
1132
500375
1132
486775
486709
1592
500363
500075
500073
500057
1102
500500
1119
499383
500500
487903
1560
1120
8760
1300
500500
500059
1372
500009
9115
2965
20128
1302
500500
500500
26935
2916
2724
1585
1667
19206
500050
495123
1294
500500
1304
500019
500500
1120
1612
500500
1585
1102
1277
18973
500005
3141
500500
1677
1112
500500
2958
499164
500500
490330
1120
500500
494009
9851
1579
500500
15321
500063
500306
1732
482073
484913
500500
500033
500500
1138
498822
1654
1321
1307
500049
1575
1679
499166
1302
1680
500500
500500
488779
1702
500365
499257
8510
2861
500500
489386
1339
500500
500040
1278
498898
1138
500342
1106
1298
27281
500299
1113
1707
484700
500331
500500
1282
498907
497220
499011
2921
499223
1618
3084
473991
500500
1676
500500
1796
38279
500115
1094
1126
11743
500115
500344
1557
500500
500500
500500
2868
14778
1107
500357
1321
472317
500500
499219
1588
1106
491350
500500
500352
500370
500500
10322
499273
1337
1333
1259
1626
468083
500500
1122
487094
3408
1118
1688
500500
500500
499194
1103
1321
11203
22325
1112
493509
1338
500500
1330
3498
500365
499039
500035
1305
1283
500500
1254
3283
1616
14716
500500
500500
1313
1767
499307
500500
500334
500500
500343
2946
1116
29905
500359
500500
500090
1610
1297
1294
1104
500081
498973
500063
500078
500500
2941
500500
1102
500132
500500
500377
498943
500346
500500
500500
1761
500361
500500
1297
30074
500331
13999
499192
3004
472817
500500
500500
13144
1303
3079
31478
500500
2932
24465
489579
15096
499155
500347
489728
500500
500500
12945
500500
1612
490372
500500
499285
1269
499993
500351
500500
1796
499589
500500
500387
14771
2462
500008
1095
500500
489243
29383
1263
500500
1630
40807
13012
2622
1322
500500
500124
14406
1248
500500
2892
490162
45177
9957
1285
499931
1287
498995
500500
11638
500500
1237
2963
14214
2529
1287
500337
500008
500500
491720
1108
500500
486036
500362
500500
1270
1103
492816
498886
1296
499179
1117
492577
500500
500118
500034
33520
2714
500086
1650
3013
486810
500056
500500
1818
22733
500047
499177
499347
500375
500500
2627
3022
500366
499147
1111
2897
500500
500500
500500
1269
491994
500500
1759
466972
1693
500500
2664
500500
479156
499260
1706
11997
1121
1277
500367
2636
499257
500346
499012
1543
1704
500356
500343
2784
500500
1102
500112
3032
498950
3102
500500
10678
500345
10715
500351
1263
500080
499321
500095
500500
1254
494031
498974
500391
1621
17128
500500
1305
499011
500500
479624
2508
18657
8007
500500
498531
500500
500500
15905
500351
490351
500325
25329
1675
2642
500500
25278
16013
500500
500500
500500
1323
500396
500322
9711
500500
500380
472305
1109
500364
500500
1293
500500
500016
500500
1101
499083
489065
500500
1313
500500
500059
500500
1123
500353
499381
500126
500075
10605
491982
3027
1621
490032
500500
1276
1330
500500
500046
500500
1607
1327
8833
500500
500500
499086
1765
500033
500139
486841
10089
1322
500500
498905
1593
500366
1102
500070
29381
481801
1096
3115
500500
488293
24302
500500
3072
2556
500347
500315
498892
500043
483682
491465
1115
500144
15332
500054
499195
3130
500036
1112
498929
36637
500050
500391
487070
2690
486338
18688
492273
25401
500363
499225
16216
500500
3342
15094
500353
492064
500049
488338
491831
2966
1312
500345
500500
1763
500376
1619
500356
1359
2898
15983
465254
2422
470630
8907
1581
1270
500111
1296
500075
1648
492459
1644
1272
498889
499149
479996
500500
499331
500057
486808
500360
16612
492226
1314
19329
498925
500327
1607
1274
1581
500500
500390
500379
500114
500036
3631
493361
500090
500500
1311
483234
30507
498819
2970
3171
500357
500345
17003
500118
499491
500346
500500
1293
499120
498852
490366
21169
500500
15843
9664
499261
500500
1110
462335
500500
1263
500500
1648
2674
499996
500099
500500
1108
499151
16971
2675
1097
500359
499007
1104
500500
500500
487813
500500
1111
500500
1293
26855
500500
1301
500017
500026
1091
1689
1323
20180
1257
2771
499994
1633
1123
1251
500379
500500
498764
14610
500372
499271
500500
1595
1281
1230
498920
500367
500500
13566
1681
500500
500500
11360
1141
500052
500056
498797
1547
1662
1306
1501
478257
20410
500319
484555
499102
1610
500027
1312
1108
3079
1242
499293
15185
500079
499363
2521
500369
12682
500500
11060
484789
500500
500120
1107
1118
498591
500371
23501
484291
491971
499056
1341
1103
2557
1290
500500
51524
500367
3062
499898
480199
1113
1233
500500
1275
500500
3051
2377
499165
500500
498973
500141
498205
500500
500096
500500
500329
500500
498816
499106
1786
1354
500341
1606
1748
500144
1277
500500
500500
500140
1109
498915
500500
1117
2620
498846
2579
1660
19936
1085
491239
12613
486830
17666
500078
500500
1097
2808
500500
500500
2680
500500
500500
500500
486240
1305
2485
500500
500032
500049
1117
500500
500053
500090
1296
1687
1102
1318
500054
3300
500500
3150
2558
486623
1286
1315
499470
1750
1626
2815
500364
21859
1256
2794
500017
500500
492527
500500
500078
1297
1105
500365
492333
500098
20946
500046
500500
500355
1633
1716
498921
1264
500072
1296
1246
1109
500351
482160
1119
500500
500372
3220
1107
1347
500037
500500
1122
2521
499968
500377
500121
1126
487303
1286
2982
18451
486469
1652
500500
1304
477524
500121
14788
500500
500085
500500
1616
1216
499147
1116
1631
499204
18201
2750
477480
500500
1125
1261
1691
499194
3185
500500
500500
500500
498824
500500
500334
11707
500024
500329
500500
1285
1314
1548
500500
500500
500500
489692
490372
500500
1763
500362
1742
1706
499316
498531
499987
1269
2874
12149
1260
13929
498939
14312
1678
1110
468778
500375
500500
1314
500500
500366
500500
13656
500500
23313
13211
500392
24992
500350
500500
486854
1583
14714
500356
498897
500360
500053
2554
499206
1668
490520
1331
1109
1302
500500
486729
500368
490964
500500
23610
500335
500500
14710
1122
2875
500374
479722
498763
500500
500053
1296
500500
498916
500076
489320
499372
3243
479971
500360
2707
500500
498561
500500
500347
500500
500073
499003
17092
500500
500500
1269
490652
500339
1119
1739
500500
1640
500500
1081
500500
1283
500500
500500
486931
1120
500500
2906
500500
1096
1270
500097
500500
1257
500312
498682
499117
500500
8492
500364
3723
499974
17290
500060
500500
2805
1265
500500
1294
498943
1727
1664
2819
485107
500500
491037
500365
16245
500375
500331
1664
1113
499083
1601
1715
500500
500500
1573
500500
1094
1335
1615
500500
486218
500357
1539
500500
16414
499213
500380
2901
15272
13229
1098
500370
498952
499188
9602
4248
499230
1307
500350
3097
500372
499120
500500
500500
499352
492494
500500
1117
500500
500364
500500
1698
499125
1301
13701
500052
500094
1132
482585
1112
500368
1262
1111
500500
2546
500500
2971
480493
500346
2820
1091
500129
500500
500085
482748
37470
2806
500500
1109
500500
498827
498832
500121
1698
483761
499254
12765
1281
500500
500500
9558
2389
1325
1266
500339
500352
500500
500500
1684
2784
1310
1259
1101
500118
9645
1340
500110
480002
22918
2726
1112
500336
493027
1698
2589
1110
499299
1315
1109
500096
36268
1633
500095
500384
500500
500500
500080
500050
500500
499988
500374
18409
500500
1319
477980
500500
1308
484474
1114
1281
3108
500500
500362
500359
2463
1619
499412
500500
500114
13617
490653
2622
500500
1791
499233
500500
500372
11501
499193
1115
18282
17543
485544
500377
1595
11721
492864
19586
499194
500500
500500
493621
1351
486613
500036
500348
12232
500500
1111
14025
500500
500353
19947
9758
1110
3338
1125
1114
1703
21620
500500
499124
1673
1108
500112
500096
485324
3234
1095
1095
480592
1681
500348
12055
2518
499066
3214
13893
500500
3112
488197
1675
485230
500359
500500
500119
500500
2711
11034
499393
2496
500089
500325
2433
1108
1257
1327
1097
17653
24450
1298
499065
498872
499171
1640
8578
500333
500500
1122
500500
500354
499281
1119
498930
489078
500036
500140
500381
15698
500349
2816
499119
500028
500080
475132
489582
478954
500500
488615
500500
2679
500110
500112
1302
500077
12566
500038
500500
1115
498921
500500
500500
500500
1682
3223
500500
1130
1618
485944
500500
18312
500350
1092
500500
500500
16949
1108
3106
493583
1252
497928
498873
9439
500500
500500
500005
2489
481874
1277
500147
11126
500500
500026
1104
500081
1248
1293
1578
2559
1122
1099
500362
476890
500500
500500
10519
500500
500500
480487
1115
500074
1103
8814
1676
23475
500500
2815
17736
1096
500500
1313
500500
2957
499341
1665
1288
2742
9231
500500
1105
2868
499550
1248
484616
500355
1319
3616
489200
485929
500333
1682
1275
500349
500102
2668
500343
500500
1705
500500
488308
40284
1608
1096
500381
500358
499318
500500
500361
1092
498790
500351
2768
1103
1293
1271
14459
499004
1109
2844
1101
500500
500052
22331
1607
500500
500500
2720
1296
11035
500378
500107
498835
492056
499898
1282
1339
494229
1685
487640
500116
500500
500142
1135
1112
500033
1617
487614
1507
500083
483240
1753
500362
494233
500352
10942
499405
499054
500327
492401
2820
1100
500500
1651
1268
2449
500500
10072
1106
1099
17855
1285
498810
500356
500500
2752
1232
1100
3566
500500
499225
500361
11527
500500
3023
499988
500500
500500
490398
1588
1674
3249
1103
8847
500500
1107
1271
2863
499247
1615
2596
500351
500146
500500
500500
1236
500500
2865
2727
1108
480533
500500
13540
1108
490344
500357
1302
2546
500347
1701
2863
481596
500500
3137
500500
500500
13974
1283
16261
2680
499276
500500
3163
1279
500079
1325
1112
500363
1106
3118
500500
2552
500500
499066
500500
1332
1097
11697
2434
2584
31973
2859
12718
1571
499227
486108
9200
1109
1328
500025
500367
500143
12914
477122
485668
3273
500350
1103
1340
20027
1579
489574
1596
500357
2763
3200
1330
1620
1657
1239
500373
500500
486670
500500
499314
1286
500062
1578
491355
488826
1253
2557
1578
499361
485402
1104
1096
500133
1098
1274
14975
494247
500500
1294
490263
500128
500500
3674
499353
500352
15899
499184
500145
1262
481709
2447
499242
483855
1621
500353
498983
500338
1122
1645
489959
478599
1703
500500
1749
20371
475148
498310
2989
1277
1094
9180
1122
500343
500500
1093
500328
500035
1104
500500
1629
2811
1097
1699
1319
32874
489813
489108
1312
500500
488743
500114
1259
500022
1724
1595
500500
1635
1664
2866
500340
1291
500500
498949
500325
500500
500065
500500
1262
471891
2719
500107
1715
498842
500500
500379
498960
478922
500500
500062
5708
500500
24412
500500
499499
31502
1111
1646
498998
1831
2922
1121
8167
500500
500500
1287
2485
500500
499388
1613
2481
500372
500500
1306
8408
500105
23582
500347
500500
1562
1735
1320
500500
1095
1118
1149
1260
500500
489610
500367
500500
500500
500500
500500
499946
500357
499319
500371
500500
500500
498488
477789
17419
500500
500500
3069
1330
499306
500384
500040
491518
500500
500500
500355
18482
13628
500104
16918
1268
2866
500369
1546
1642
500069
498913
1543
1606
1291
17546
1309
8979
16934
1640
1329
498948
1740
499173
500500
500331
1688
489975
500500
500500
1094
500075
1116
1119
488658
1289
1315
499950
12614
1256
500500
500326
489686
1113
1107
500500
500109
500111
500500
484337
1620
500079
500098
3140
1278
29657
498237
3218
1292
500500
494554
1609
500500
500376
1647
1710
499388
500360
500500
1106
500345
500369
500335
1596
2853
500108
499023
17692
500500
500367
2521
500341
500329
1332
1593
500500
498666
487637
1766
476115
3354
1105
500500
499107
466372
500500
500368
2685
485523
1117
1286
2637
1116
500108
500500
474254
1631
500500
492669
498509
500049
2550
1106
15161
1546
470170
482799
498562
1256
500101
11432
500500
1599
1316
1316
500500
498808
500500
492938
500500
499369
20144
500133
500500
500500
1626
500007
1305
500337
6927
491869
1293
492488
2558
1089
1115
23509
500500
500352
500119
1599
494368
500340
499115
500068
1755
1110
500139
500500
1613
498731
17393
484711
500002
1509
500317
498319
25986
2922
494022
500500
491926
500500
500500
2829
499001
492115
498605
1122
1584
13274
500500
1099
500500
1116
500500
1114
23082
500500
1106
500500
500056
500500
1680
500343
2646
20949
500308
500500
1756
1289
26860
498891
500075
500500
1684
491092
2832
10975
500500
500345
1602
486435
500500
3227
490017
500500
485938
494042
500035
500000
500500
1125
1304
1655
500500
488623
3142
1101
500363
1689
500500
1125
500500
500403
498862
9729
500352
500500
36247
16498
500353
489377
1280
500323
3777
1120
1292
500500
500500
500380
500120
1710
1254
498768
498699
1239
1721
500500
34184
500343
500500
2619
15771
499162
499095
3323
1581
500500
499259
1300
500500
1299
500066
19167
500056
500326
1544
1277
500036
500357
2713
3186
16641
491971
482382
498842
500500
500500
3225
500500
499182
500500
18988
500368
500105
1307
500500
1283
489497
500077
500500
500039
1102
500351
499161
500381
500500
1691
500005
500500
499119
500500
1106
1254
500326
500017
500109
15462
1275
500500
2681
1115
480266
500350
500500
1113
2859
500500
500500
1259
499094
9557
25528
482478
1102
500097
498735
3527
500500
500373
36929
500500
492031
490173
1692
39154
2982
2803
500500
500316
500046
3128
500382
1505
3450
27789
500500
500065
499114
2757
476126
500374
1291
500500
500325
474757
3716
1269
1676
489530
1119
500500
500500
1671
1707
499465
500500
1114
499415
1318
500500
1102
1116
500376
499160
500088
490271
1281
17945
500357
491422
500346
499297
500500
1236
500058
500379
500500
1114
494299
2811
499146
500500
500061
500500
2824
1702
3056
500380
500353
484515
484839
500358
500500
15098
485102
500328
1316
1594
500500
3017
12041
24174
500361
25938
482485
500069
500500
500500
499335
1114
2865
1664
2961
500500
500500
1120
500500
499213
500500
1718
1252
26923
1119
500365
500361
489036
1307
500104
500500
500051
1127
500202
21555
500500
500500
500500
1704
3467
1106
500500
2791
500354
1126
500500
1628
498968
16024
500500
500500
500500
498834
1123
500500
500334
499966
500500
1295
1668
500368
1266
499203
1120
7306
499248
2400
1099
3061
1307
3622
1545
3226
19205
1272
2734
500500
487891
1295
14400
499084
1720
490099
500340
2837
492827
1677
1116
1722
499467
498825
499287
498996
1279
3875
1126
500058
500500
1121
475139
1090
500500
1336
1306
1113
1618
498914
1276
500500
2555
1294
500321
1284
488350
1123
500025
500164
489371
499989
486457
1723
1792
499896
500149
16407
1091
3225
500500
500500
19813
500054
500500
500082
2919
22377
1329
499061
3527
475928
1113
500500
500500
1819
2662
1757
14086
1124
500500
498772
500324
2814
499318
3024
1258
2997
500500
500500
500500
499402
500500
500500
500057
1302
1286
500500
14678
10525
500374
500500
1300
9382
476820
498705
1105
499686
498700
1262
490792
1321
19281
499502
499840
6554
499185
1669
500335
500500
499090
500500
484009
2730
500337
1270
10105
500500
1272
1260
500500
2828
10917
1264
500149
500095
500375
1354
499266
1670
20221
1251
1589
500130
500500
500113
1746
500082
2676
20366
1759
500500
500500
500500
500338
500500
499171
1112
1248
498782
10641
498819
500172
500500
1654
500500
1289
1340
498839
1728
1629
500500
24968
500500
500390
14637
1119
499244
1289
500370
1610
2791
500339
500371
500326
489206
2742
2630
500385
1278
2505
500045
1302
1766
499101
1302
500381
2832
2644
488159
500500
2832
2369
481297
500500
10014
500500
1093
1111
1337
500500
500391
487415
500354
499292
1675
1262
1117
1267
499447
500080
500004
483538
500154
499112
500358
491842
1317
14698
13346
500500
499242
490656
1333
499294
500500
2930
1675
500500
500500
1290
2978
1628
483725
500500
1316
488679
1112
500078
1308
2724
498702
27186
500356
1651
500500
500500
1632
1283
499487
17518
500322
500063
500388
500500
500500
492758
500500
500376
500500
500112
500500
500370
500500
10268
500500
13383
1308
1110
35798
1662
500500
1288
500500
498912
22859
1525
14221
3367
500387
500375
485591
1116
1109
491994
500099
3783
1257
500344
499028
1129
14524
481934
499955
500076
2726
1647
500015
1122
2483
500353
2827
500086
499036
484351
500015
500500
1591
500500
1121
500500
500352
16244
500373
1100
3700
500065
500010
500373
498807
1110
500500
2959
486782
499101
1112
1234
500500
1673
471089
499219
498847
500500
492196
1525
500500
469734
2941
13281
3111
24361
3125
500069
3110
498972
1300
1294
28059
498638
500500
1309
488022
499147
500353
1288
2615
500076
499200
1685
478131
490903
484913
500500
3270
2800
482831
480449
1655
2062
498575
1129
1087
3105
500101
499039
488390
499063
500370
1637
500500
500119
2400
500351
1105
1656
1091
1774
2862
1285
486489
500500
493527
1273
500500
499077
1111
1303
489497
499100
500500
1097
2692
500500
499219
2968
500500
491464
1288
500120
500024
3220
500500
498712
500500
500500
2778
1301
500500
1543
21294
1096
500356
2519
500071
1681
500500
15932
1114
500355
3244
491211
1225
500365
498873
500020
1298
500500
483563
1096
500016
3145
14562
500500
1245
1264
1283
500500
500500
499975
498867
1110
13624
1773
1302
1118
500500
1691
1329
1103
500500
1100
1299
500095
14713
500500
500327
1461
1120
2794
35728
500500
499239
500364
1728
1111
500366
500093
2961
1266
2860
500349
499071
498480
499940
489459
500027
500350
500367
489980
1548
1632
3968
500500
1250
1108
500500
11957
500500
490999
500358
500116
16087
500500
480020
1320
486078
500357
1114
3004
500500
500349
500050
500031
500500
2713
1519
1261
500058
500360
1686
500500
500500
500500
3815
1092
1299
500500
500500
1283
2584
500101
500500
500366
1117
500500
16040
1696
500500
12205
500183
2734
1293
500500
1086
499191
500500
1640
3706
1315
498985
1347
17562
500010
8882
1263
484070
500373
1277
499237
2828
1273
1097
500060
1117
1107
3024
500322
1355
1325
500083
1614
1282
500092
1134
1327
499210
500364
2851
19405
499316
500325
500500
3358
500500
1296
500500
1793
499149
500344
500094
1103
500500
489267
11402
500021
3109
500500
2971
500500
500081
500083
3290
500353
1098
2429
2489
10162
1262
500376
9546
3650
1306
1261
8118
500500
1672
500353
500500
12658
3154
1105
3437
498957
500500
491122
500500
500374
479141
498746
500500
500364
1106
490968
1108
1284
500334
1109
1806
500500
500500
1114
500091
9407
500354
500340
1282
1289
1279
1320
1110
500500
497954
500339
500100
1131
499001
500382
500043
500500
499406
20729
490250
500355
10329
1114
27111
500371
500068
489998
499047
1651
1137
500388
500500
500094
500500
12531
500500
500384
2722
500500
498977
1297
500500
500355
500500
2592
1668
490080
487547
1763
500067
500500
500331
1255
16763
500500
500073
1328
500500
1295
1293
498970
1262
1332
498893
22881
491038
500021
15464
500500
484870
500051
1112
3172
498067
1310
500374
500379
14593
500500
1235
2864
490880
500041
485041
1320
1717
473310
499512
1664
500126
500500
499136
500500
33743
500500
1253
500500
500374
490297
500026
2704
500338
2678
488117
500030
1270
1284
1137
2933
1290
500129
500099
484403
500355
500500
500066
2885
2599
1107
500500
500050
500369
500500
500500
17320
487049
1111
480999
8252
1292
2946
499114
500015
500500
500500
1293
1281
500500
500500
499216
489482
1089
2592
500319
500500
1286
1106
3275
13848
488751
1612
500331
500123
500160
1113
1283
500356
1269
499295
1113
500500
500064
500337
490653
1299
1285
1269
1802
500364
498930
2898
1601
500500
499050
500500
494628
500500
1317
495417
474958
1261
500012
1708
500040
498702
1136
1703
500500
1670
500500
1682
1110
1258
500500
498988
500500
1117
17318
10975
476772
500148
500500
1706
500353
500311
3551
500365
1271
1303
1683
500128
13012
1653
500072
500500
1116
500091
500372
17000
1099
500500
484228
12785
500328
1111
1667
500120
500500
1114
21769
477941
1601
1104
481410
2710
1127
499999
500500
1309
1115
484911
500500
500500
2895
500500
3655
500500
2831
499007
500500
489145
500346
1697
484689
1093
500346
14248
500500
500500
500362
499225
500500
1092
1100
1280
500033
499591
500500
1106
475653
500500
1267
485084
500500
500500
500500
500500
500500
14281
498978
1295
487029
500362
2868
1299
500500
1114
500500
500067
1328
1115
500500
500002
1322
500365
1111
2558
1117
1114
492670
1647
500500
2468
500500
499992
500084
1266
499291
484335
1095
500500
484903
1738
2849
500500
500500
500337
500500
500500
16571
500500
500500
478751
500137
498939
500364
498956
500335
489784
2488
500500
500500
2781
492332
498931
17789
500500
1719
500372
499071
500353
500500
499451
1286
500328
23383
1252
499246
1374
497959
1111
498953
24383
500365
500009
500363
499362
15096
3498
500331
1284
484857
500368
1532
500500
500500
2702
11800
2756
1096
1623
1100
1591
1101
18316
1291
493806
500335
2609
1691
475820
1095
500378
500500
1272
500399
1330
500500
500338
500500
500500
500500
500500
500031
499164
1113
486842
484787
500500
500500
1293
500348
3372
500370
477982
3047
500500
500354
1260
499400
1284
481817
491718
1110
498984
2778
29321
500500
490970
500500
1123
1100
1292
499992
500349
1103
1302
9838
482784
500360
20154
3074
1643
1297
500000
1658
500071
499937
1098
2734
1389
1107
1946
3028
486910
500371
499116
498638
500079
499977
500500
1268
1262
1115
1561
16851
1334
11861
2799
469347
1141
499166
1091
500500
500500
1766
498925
499159
11448
1104
1296
1756
486516
1644
500500
498962
1683
500348
486380
3164
500500
500500
500500
3487
500351
500500
500500
487546
499930
1298
1631
498818
500500
500500
500023
1117
498735
3078
3076
500500
15411
24786
23053
490272
500500
3093
499143
500355
1120
498976
491499
1555
500500
500381
500500
1251
500368
500368
500358
500500
500354
13328
1091
13267
481752
3346
3473
500374
500380
1545
500335
1624
498770
13907
500110
500500
500095
3654
500353
500087
500336
500500
500500
499530
1280
2837
500500
500322
499042
2972
1709
500367
500500
20548
500500
498952
500114
500500
2683
1651
1627
498846
499464
500500
1106
470576
1104
499329
1111
2756
499218
500500
500500
500065
1279
3387
3085
500076
489515
1089
1106
500376
500500
485629
500343
500500
498888
1586
500316
16510
1723
492698
499239
1691
499177
500500
500500
2743
1275
1120
16109
1121
500358
491447
500500
1615
1618
500500
3422
1116
16033
1833
500500
1114
2751
3180
500095
500500
1661
491482
500369
500500
500500
499982
500364
499399
500500
499099
500088
493008
493611
1263
475724
493015
500076
1308
1108
2994
1103
14689
6149
1663
500148
500329
500500
499946
3173
1296
499322
489432
500500
1668
500153
2482
500374
450655
500140
1656
1620
500054
12826
1300
500500
483981
1675
500348
1658
499145
500116
500500
500500
500500
2811
1337
1118
500500
500372
500500
1658
1113
1274
1616
500500
500500
10369
3151
500500
500174
3007
483381
498749
19778
20541
499180
500013
1723
12081
499993
1566
500500
500500
500066
1280
499351
12180
500343
35439
1237
1294
1797
500500
500500
500004
1716
500500
1117
500500
499169
499304
500500
486735
1630
500041
1311
500131
1094
500188
1250
1693
1111
3551
1649
500006
500348
1566
481012
499000
498908
500359
3143
16852
488204
500039
15533
1258
1765
2507
500347
500070
27667
500353
500500
478893
498315
1341
500120
491280
500372
2747
500346
1665
1114
2584
500343
3041
1305
500500
500500
494771
488226
1100
1800
500500
491215
18796
1310
500052
1121
1271
498898
1114
500500
1787
500047
500500
500109
500337
500500
2805
500338
500103
1292
499060
500357
500500
500095
498932
1105
498992
494110
1122
500039
500371
489899
498301
2733
3034
1258
499993
499080
1265
1119
500052
500011
498782
12899
1106
500328
2796
500500
500056
500500
1307
488196
2673
1696
500500
499998
50150
1636
12300
1717
22547
500352
1639
480832
500500
500500
2872
2469
1112
1293
485782
490328
500500
1287
500500
1299
1613
3216
499962
500500
500366
1312
480198
17918
1110
463948
488695
499429
500080
1520
498768
500500
500057
500364
499164
500500
500108
500024
490322
499089
500500
500500
499170
1306
1110
500500
1278
500500
500500
1110
500065
500040
500076
491931
1696
500500
1111
1109
2485
1114
499910
499318
499273
486841
3371
1602
1275
15295
1690
500500
500500
1699
1125
500356
500500
16890
1318
498891
2737
1091
500500
500353
491047
500500
498918
500158
498761
484114
1120
1304
1342
1613
498977
500500
488389
1116
500500
475023
500500
500500
10383
500086
3081
500339
486715
1294
500347
2563
2379
2675
484727
500500
500344
492382
1271
500500
14672
2680
500353
1109
2530
491278
1641
491408
1114
499340
474895
498638
12249
1264
500145
1283
500128
1603
500500
1251
1700
500373
499034
1302
1097
500073
489713
500000
500500
500500
1589
1103
499915
1727
489659
500500
12349
3356
500365
500060
485178
1607
500500
500500
499042
1282
10955
500500
500500
500500
1376
2885
2743
484622
500500
500339
1276
12337
1286
488806
487520
26986
500344
499138
28233
1283
482248
2707
500500
498922
498738
488157
1290
500351
499360
500343
20669
499002
1257
1124
1280
489648
1598
500356
500500
485821
490792
500023
491106
499377
499412
500500
499121
478538
1278
500500
500337
490676
500039
500063
1103
14209
1124
1106
472054
500500
2893
12128
1123
1275
500063
500500
1102
500348
18252
499243
12392
1688
1647
499154
489428
3097
11985
1292
1115
1755
500097
500351
1095
500371
1774
500500
500135
500368
18650
500500
492970
489240
3006
14648
499983
500500
1127
34971
2661
486268
1127
482544
23469
499964
489136
1734
1287
1291
500500
2869
487397
1289
17791
1357
10584
498609
500500
489289
1310
488481
500500
1268
1109
15963
499445
500060
492748
500368
1121
490413
1278
1104
1124
1654
499116
479131
2682
2515
487238
500500
500500
492415
3075
1105
1115
20551
1122
472726
1290
500500
1104
500102
16375
498972
9737
489262
500500
499183
498884
498963
500500
1114
16473
497719
498752
12727
3025
500371
500356
500026
20723
498945
484063
1268
488333
11349
2733
500500
1083
500500
500076
481678
500365
500500
500500
500500
500500
499097
1121
1311
1581
500500
1262
500500
500119
500365
23025
22420
498801
500078
10155
1356
2380
500360
500069
1293
1309
1110
499160
499173
500068
500500
500388
15665
2288
500054
1312
500500
498885
498801
16502
2486
500500
1318
500313
500070
1290
1113
500500
4282
500500
500500
481117
1118
1575
1649
1619
499169
3257
500040
2930
500500
480728
1648
500375
499140
500025
10823
2605
16922
1310
3035
500500
500500
483859
2977
1634
1101
21285
500339
1567
500353
500123
500068
1306
1308
499028
1282
500031
1296
500357
1644
500069
500500
1617
1644
500500
2797
500500
474375
500500
500011
1757
1270
500097
500133
1345
500162
499285
498336
13977
3106
499505
1101
11066
3302
13019
1566
1554
500500
3370
500369
500342
500091
500500
1085
1128
500500
500500
17527
1764
477534
500118
1123
500500
3539
500369
2769
500349
10279
499971
498921
500500
500021
1615
500366
499237
494342
2938
2549
500500
3248
1722
1666
1622
1099
1273
500111
1594
500392
498944
484936
500349
499061
1284
1271
500356
500385
500007
1307
500500
477480
500335
500110
479781
500337
1739
3108
500320
500500
1110
494274
1099
500500
500330
1096
500331
1282
500086
1122
1116
1100
1662
11027
17181
499239
20118
13400
1590
2877
500381
21359
500047
500332
1109
500343
500053
500112
1306
499957
2571
500320
500500
3246
1542
498236
1130
3221
499998
500500
1746
14802
500500
1105
499452
2604
500342
1290
500188
1268
490621
500500
500500
1290
1288
486987
499351
1316
11475
500500
1664
500500
1821
498813
1617
3036
500399
1286
3001
498859
493051
1125
14350
488000
1253
1103
1781
2550
29703
10443
490668
499044
499989
1307
1317
2567
499254
1102
498987
500327
500341
500500
499965
466579
1101
500127
485558
2868
500328
3084
500500
500500
500126
1111
500500
489402
2783
500500
489077
1659
1113
2885
488900
23308
500500
1310
500358
487326
500383
3647
3069
500500
1108
491822
498753
500500
2793
489361
11142
498697
1290
500500
2625
1304
500378
1121
500500
499194
500135
2879
489744
499137
494449
1123
17863
1295
499420
500077
500500
3020
486736
500393
478257
500500
500375
500500
500500
3180
500500
1110
499253
2925
500500
1589
498422
500384
482935
3168
500355
12271
1114
11696
500130
1098
3346
500500
16294
3064
500362
3013
500500
500043
499994
1135
500135
500500
1097
500500
1725
24944
500500
1327
500500
485078
500500
500355
499187
487125
1311
500500
1115
17101
500379
3006
500500
1117
1330
1288
1277
2510
500076
1764
500059
1111
1116
1295
22360
1739
498580
485072
484327
2550
500500
491970
21210
500390
1354
1342
500370
500030
488074
500500
494530
500500
13096
1616
498945
1282
1111
1244
1107
1711
1325
500340
17597
484322
3057
500335
500500
500066
493793
500344
1607
1302
500343
500500
1745
500500
500321
489896
1082
1666
500369
3017
1340
1300
25830
2879
1120
498763
2828
500500
500346
500500
500500
491693
500500
1718
1636
2942
500343
1697
2694
1616
499152
490223
499892
484333
2908
2564
500043
16258
500500
500500
499960
1113
500500
500367
486416
1132
25372
3631
1274
1313
500329
491469
500500
500500
485810
498362
500125
12831
1101
500354
500340
1603
1119
1702
498807
1326
499150
32754
490386
2415
1265
1300
1304
3376
8948
1316
499045
498850
1594
500346
1110
21825
491366
500334
71746
487629
11447
1674
1255
1255
500047
499100
1297
1090
18196
500349
15387
483533
1113
1706
499345
500104
500500
473726
500341
1326
1608
500335
500500
1097
1329
1339
500500
1249
3113
492362
34106
500500
472556
500500
1338
500369
500317
500326
499304
1587
1108
1261
40006
1318
500500
1662
3644
1110
498996
500500
1311
500500
3049
500367
500500
500331
1240
1300
485085
500500
7610
3715
1307
500500
500500
500359
1254
500500
1102
1325
1118
500069
1354
500074
499128
500500
498468
1104
1665
481394
1092
499274
499161
500383
500376
491062
500354
