26759
499291
492528
488043
490731
1084
500500
488685
500146
1324
478210
16957
1103
18862
1125
1113
492607
1622
1266
498355
499033
499034
1823
14189
500500
500338
1705
500034
1270
1755
500005
500320
498798
8608
1319
1102
500044
1332
498695
10580
500500
500500
500500
1124
488980
498526
1124
500500
500000
500357
500500
499214
15767
1637
2925
1094
1587
499171
500500
2468
500500
1592
500500
499186
500500
499921
18985
500131
1319
500323
19476
500382
500500
498891
500500
500500
482358
1705
485082
1106
499966
500500
500378
491437
498935
500344
500500
500500
1109
500387
500352
1118
500500
1686
11011
1669
500081
498839
1694
499068
500048
2777
1290
1634
1293
491148
13908
1100
500366
1311
486827
482035
1568
500500
2635
500500
1120
500385
500500
500102
500391
499254
1105
1111
498736
500500
1111
1627
1580
500029
2595
3100
500500
500500
14402
3109
488145
1321
500500
12376
1563
3289
1635
487868
16120
491986
499227
500065
500500
12752
1255
500500
494268
500010
500119
1331
500500
1587
492239
500500
492118
500328
500110
481327
1601
500500
500105
1639
498800
1309
1115
1261
1104
1303
491348
500500
1120
500500
1280
1240
500365
500500
1107
499260
498680
500366
480165
499134
1116
1537
472243
493706
15127
500500
500500
1305
1085
498233
500500
500003
15482
1638
9243
500051
483677
500500
1353
500354
1102
500500
1298
1596
1101
2868
1220
498563
500317
500343
1269
1639
1302
8213
500500
500500
498994
500500
499960
487768
15334
500500
500500
1258
500500
489033
500092
1233
1319
500080
18554
493053
499983
500129
1578
500376
1768
498682
1139
1128
500369
490289
500500
500500
500500
500350
500079
1262
500309
1259
1781
500500
2304
1279
15543
500071
500500
1103
498958
1589
499348
48834
500500
1270
499053
500500
500500
500137
500140
24431
1283
9313
500500
493179
1282
500500
500500
2582
500500
1293
1125
1679
500500
500072
500500
500046
500500
498953
1709
1227
500500
1582
3365
500133
500500
487900
500500
495387
500500
500340
500028
1772
1104
1304
499231
476282
1593
500500
1290
499101
1657
498982
1324
1109
1659
499379
498498
2951
485449
2658
2678
1601
500055
1101
3814
500500
498298
1639
2695
500119
499319
498665
477970
488316
499239
1301
1682
1111
500500
1576
1107
489255
10692
500319
500014
500500
500358
500500
1577
2789
499424
1292
1095
499254
499258
500320
500079
500500
493652
1071
499346
500368
500500
500354
1287
500500
500357
1100
1292
1262
1700
500500
500500
500112
1089
1586
1114
13120
500025
494096
499287
500500
500500
2827
1119
500108
499151
491187
1717
500327
500500
1257
500500
500500
500500
1262
498394
1249
500067
13863
500500
19870
500030
1247
500358
500369
500366
3021
499572
2787
500500
499140
1229
10774
483888
500500
500146
1678
483981
1741
500500
500500
1294
13364
500360
3015
11014
498963
11839
1588
2959
26311
500500
498617
500381
1673
24356
500500
478580
500500
500051
498907
1078
1093
1294
11970
500344
17700
500337
488344
23213
1109
482886
2910
500500
1620
498917
482438
1252
1115
2954
16145
1576
500500
1619
16275
499083
1103
1091
1675
1143
498890
1314
1106
500337
492236
498856
500500
1286
12424
500500
500322
500500
500362
500500
500329
1102
500366
500350
1305
500500
15733
1282
499364
1705
499277
500500
15439
499086
500354
1089
1300
1310
3039
1255
500500
500500
500369
35878
12990
2698
1104
500500
500118
500500
14792
500345
500500
1247
500338
500341
499907
476429
1276
2716
1107
1081
1296
500356
1284
500051
500110
2712
11446
1113
489935
1291
500107
500040
1302
13348
500060
500315
500354
3037
500080
1256
36093
3238
500349
500500
1272
1676
15578
500359
500500
1125
500132
500063
485667
2992
500500
1708
499348
1755
491584
481481
1108
1657
1126
500500
500500
499350
490486
1646
1306
498826
487067
490405
500366
1299
1111
3902
1693
500065
3209
1274
499248
1123
500500
499204
500500
488329
500500
500500
1109
1305
500086
499120
1300
498971
1102
499427
500099
1094
500500
1283
500500
1663
17633
18074
490616
500500
500500
499264
500500
3119
1094
1554
1689
500500
1678
500022
1105
500500
1330
500500
1116
1285
500500
2871
2994
1254
500500
498999
2612
2944
481838
1108
500369
1291
1677
2639
485446
1305
1336
3001
498904
10854
3071
1660
499074
488303
1098
499021
500500
498911
498890
12169
1598
498948
2601
1112
1285
483588
2723
500043
471628
1115
483046
500073
1566
1327
500018
500384
1265
3433
14190
500500
2493
500500
499368
1626
500078
480807
15323
500365
37121
11992
499236
500331
500356
500500
1290
16073
500500
500152
500500
1113
492166
500140
499107
477526
13642
487645
2853
1670
1091
3006
500500
472656
500011
14746
1110
1270
1111
2671
488085
500113
499401
1300
500135
499167
500500
1668
1631
2696
2429
500500
500088
500500
1106
500362
1095
3026
489256
36856
1716
499053
1662
1121
21209
2627
15048
14539
12466
500120
476402
1731
500347
498869
500341
500500
499056
1127
500376
498683
487224
2649
500500
1245
500500
500026
8610
2858
500500
500500
498947
1128
1574
1119
500382
500500
500041
500383
491608
1097
498803
499221
500068
500500
1274
500373
500500
1278
499053
3017
1286
500500
1082
1111
479970
10644
15247
500357
1606
500500
499179
1624
500090
499270
16469
13069
1098
491747
1238
1121
500078
1104
1292
488452
500500
498631
1736
500351
500500
1100
1540
1304
15987
500037
1332
16421
500374
1642
2828
1607
500358
489551
500352
1299
499052
500500
500500
500033
500345
500500
500001
13955
499000
11083
1795
31938
499981
500500
3768
500500
499069
1235
499173
18532
500362
500033
500352
15266
1628
25002
2554
15238
1655
1569
500321
1283
500500
3040
20593
1304
499362
499228
500373
500500
3195
500051
499098
500376
498923
498604
481307
500500
487780
2583
1594
490746
1596
480826
500500
1591
500046
499192
500500
500500
500500
1274
1095
1247
8950
500500
500500
1258
500078
27975
500122
500009
499286
499187
3300
1114
500113
7861
1765
500374
2660
500067
1692
500390
499870
500500
28542
487353
1661
1572
1114
500500
484255
500018
1107
1114
500500
500138
500500
500500
500500
500500
498964
1297
500324
499221
500500
500500
1320
500363
499175
500347
486591
1534
498705
1287
1599
500500
499011
16584
1599
500500
500500
500332
500326
1644
500130
1274
500500
1100
476740
480276
500354
500075
498688
1633
1114
498841
9203
1804
489374
1110
1681
1312
2849
500363
499417
17634
500056
500500
3386
2734
1767
488578
500500
1357
500376
500163
486828
500500
498966
1589
499205
482306
1611
486594
500092
500105
498942
500122
500500
2756
2939
14252
1105
494318
1326
500500
500500
1308
500500
1635
1662
499995
1645
500344
1763
15841
500500
2691
11194
500342
500382
500054
500500
12963
1282
1115
499388
500500
1644
18256
500500
500332
1117
500145
500500
500363
17782
1278
1103
3227
500500
1104
500114
1130
500500
493773
1131
1295
1591
500500
498966
500500
500500
500500
500361
2754
499270
2749
499277
500500
2384
1260
2497
2835
1625
18825
1266
483495
1107
500357
498738
1652
500336
1106
1585
3144
485282
1118
500380
3037
498909
1587
1107
1656
483651
500500
2996
22236
499124
1316
1812
3443
485475
476833
500500
500097
1117
1278
500180
500369
499014
499103
500500
1299
18716
499969
485468
499145
500100
1305
1280
1095
1296
1122
1098
499962
500500
1111
499249
1673
1246
1119
500074
1664
10809
11492
489361
2862
500500
486022
499302
500054
500399
500500
2824
500338
500500
498908
3069
500086
500500
1328
500372
500352
500141
500345
500500
2845
492863
1691
2413
1249
11259
1108
489829
2788
1580
2652
500500
1134
1273
500078
3795
1726
2573
1109
2877
499493
500500
488143
1722
488474
499203
2593
500500
1106
2885
1105
490127
1123
1296
1664
500500
1272
2662
1642
1746
498718
1124
1606
2822
489811
482673
499093
20560
3483
500050
12371
485338
500333
1100
1111
1222
500500
1116
1093
2844
1607
500500
1117
1106
498810
1263
1246
500500
3048
1105
1103
490196
500047
487126
500352
500500
500397
498791
20288
500500
500025
499209
500500
11381
1105
500372
1110
1107
1302
1308
498803
500078
500500
1123
500005
500500
487678
1105
1641
500404
500162
3168
16242
1093
1115
500354
500500
500500
499453
500500
1243
500126
500350
500345
500500
1273
500500
500500
1298
10507
500033
1260
1287
1090
1300
499179
14597
486497
1265
10820
500357
500500
457972
2724
2583
500109
489962
26434
13250
1275
500349
500328
486186
2645
1247
500500
500286
500002
1635
1259
493167
1794
500375
1292
500019
499280
10236
498657
499217
499439
500500
2854
1309
1277
485136
3162
26342
500339
500341
500173
500354
500085
490091
499296
1613
500112
490013
500052
500081
500500
500500
500500
17789
1672
1341
500015
486271
499015
1297
494700
499128
500500
1724
1800
2493
500055
1278
500030
11303
1286
1325
2455
1333
1108
1257
500335
1108
499946
1647
1120
500137
1683
500350
1350
3349
3503
500090
18693
2931
12712
1255
500500
2876
500331
1247
500500
500109
500358
1619
1276
1088
500500
500500
1119
12603
500380
483509
2794
500014
4427
14726
499353
500057
499100
1806
490623
498763
500032
3530
500500
14420
500058
1329
499116
499953
500500
500377
500058
500500
500036
30437
500500
500500
1282
499070
1240
499005
500500
500500
487624
500500
499188
500500
487389
1304
2651
500500
1857
491941
500037
1274
500500
27633
1587
1284
1614
499239
1268
498943
25650
500500
500069
500099
1694
498922
500047
500022
1277
500074
20335
1676
491129
1110
2971
500500
488945
18315
482740
483264
1273
2539
500500
2959
500500
498688
500024
489544
1844
498913
500013
2447
13648
500098
499181
2645
500500
500353
1344
1105
500500
1114
499207
500356
1301
500358
499672
1105
1278
457262
18725
500500
500500
500108
500047
499196
1865
1258
12981
1260
1648
1247
492710
12476
500077
500342
500500
1295
500500
490360
500500
1268
1303
16813
22033
1619
3103
500500
500500
500093
500500
499505
500066
498990
1273
486168
498850
500500
500064
500020
500500
500500
494453
500124
10134
500320
500500
1659
1691
1301
500359
14773
3101
500350
500341
500500
500500
17308
14993
1256
1289
49309
1118
500025
500500
488590
13202
1692
6790
500065
500500
1650
1343
491449
500365
500378
1112
1315
500500
500400
1271
500360
499099
500500
500102
1255
1116
1555
2923
1667
20235
500094
487682
1324
1108
486712
2682
494222
500368
1107
2440
1360
1619
1330
500500
500500
15822
1294
500500
1265
2624
3126
1761
1282
3436
500500
1099
1290
500500
1131
500053
1135
500374
499479
500085
498906
17337
473415
1111
1250
500500
1716
1551
499982
500110
479036
500500
500142
498282
500350
500364
500500
500500
498996
2671
498808
500178
9738
498558
491246
14516
500500
500131
1602
500359
500500
1108
23324
500500
499294
1733
11780
11204
490055
500008
1083
1557
500088
499344
1548
500077
1320
482965
1108
500500
1104
500356
500500
1122
499002
1096
500500
1767
500500
499289
500070
2973
1250
1109
500500
484251
499588
500135
500359
500367
499191
1305
500500
500500
498517
500500
500500
12528
500500
500361
1282
500127
1698
500082
500500
1739
1690
500500
11416
1716
500500
498674
487103
16581
3781
17432
484940
1093
500347
500359
3143
500500
500380
500500
1114
500500
500332
500500
500090
498697
499167
2734
1304
500500
500500
500341
9026
1637
500500
500359
2568
1116
484688
1242
500059
2912
491700
500350
9825
1111
500326
1744
1267
1782
489978
1300
500344
500500
500048
492351
499998
488096
1360
493417
500134
500500
8749
1284
500358
500356
10014
1296
500340
500500
51672
1338
500500
499063
500500
1647
1281
499340
446449
500351
2759
1294
1287
3121
500365
499270
2800
499160
500500
499215
498876
500500
1122
1295
489536
10424
500500
1315
500500
500334
500060
483904
499164
500106
12028
10254
1347
500102
500052
500387
499615
41335
500307
20288
500500
472691
499080
3135
500500
1115
1620
500500
3968
1252
499596
500068
458098
499070
500500
13865
500500
19759
3101
500084
2867
2781
500500
1628
1257
1101
1286
500500
500500
2854
19514
499356
500088
1667
2692
1589
1591
1263
471233
492291
2833
1112
500094
500500
3090
1530
500500
500500
499221
500500
499239
500018
500500
500338
500500
1305
498723
444859
500500
490046
486732
1127
500500
465614
500500
1322
1091
12647
500353
500500
491794
499007
500373
3119
3042
491814
13894
18365
500500
486787
492082
492187
500088
1303
2767
499957
1293
1592
500338
500500
2793
479666
1305
498987
1334
500500
1125
18335
489197
499149
20500
499062
500500
1108
1600
500500
1292
487292
1560
498982
1689
1111
500167
1336
499228
1105
500333
36141
1113
500500
1664
35445
483950
500345
2621
1580
1794
500500
3005
500500
1741
1597
1708
500121
16103
1692
500500
500500
500369
2594
1109
500500
500500
1324
1105
500123
1638
1573
14959
500321
499509
500103
1138
9929
500349
500107
499068
500500
1121
1148
500500
500500
17492
3009
3413
1314
500500
1115
500500
1610
490624
22157
500068
500500
500044
499059
498941
2808
487041
500349
500361
1111
500500
500500
500369
1126
499182
500500
1287
500086
1306
2620
500500
1110
490500
8722
500500
500379
480950
1518
490151
9997
500010
499340
1109
500500
500337
500500
479793
14661
500500
1092
500500
1269
499974
8511
1657
1525
500053
1105
1308
500500
1665
499187
500370
499156
1107
500500
500500
500031
2378
500500
500335
500033
500500
1133
1267
486728
2672
500500
1242
500115
500385
2918
1838
500349
500378
1262
500341
500500
490209
15450
500368
500500
482142
500332
500336
488175
500500
1279
498808
500054
500000
1315
500375
500370
2491
487088
1272
489427
500304
500500
1541
2864
1280
500072
1112
1092
500349
3541
500370
3288
500500
2650
2799
12579
1271
2612
500500
13415
3158
17369
1290
500500
3079
498908
3264
500500
1588
491480
1260
1270
500500
489782
1627
487968
500500
2728
1307
498994
500361
491565
483875
1096
500128
499093
1940
1141
1100
500500
500500
2809
500500
500091
486868
491158
498992
1117
500369
493077
499972
2805
2688
500044
499023
498843
498714
1575
1611
1268
499905
487185
2965
490227
499254
497957
1601
1329
1118
13929
1127
1111
500500
500500
500357
1921
1297
1660
500104
483280
500500
500500
499995
494101
2900
500500
1520
500391
9470
1294
3011
2925
2800
500150
500359
499248
1082
500500
500333
498969
500102
500136
11598
17662
500500
498983
499900
488555
500500
498834
13299
500361
500019
498796
1115
1311
13625
2903
2671
16521
500330
2910
3099
1283
499324
500152
500500
499987
500500
500048
500098
1588
1515
2852
500102
500500
499269
500500
1285
1290
15107
2646
19222
491470
3131
490611
499202
2813
500056
499104
1106
500360
1555
2744
500385
500500
490479
1548
499913
500500
498929
1284
500363
500125
498844
492947
3043
492679
1131
498290
1659
500500
495096
500500
494941
11077
1119
500108
1617
500123
500359
1102
1645
500500
1106
1112
484746
499949
14142
499912
1707
500375
482740
500500
1701
500327
2670
500391
498991
3086
500500
1316
1619
1120
1101
1631
1689
1737
485704
500122
487892
3063
1667
499245
15555
499339
12877
500500
500500
1298
1347
1108
1808
500500
2700
484722
1585
1092
499157
2856
3110
500500
1301
1244
499975
1658
500076
500358
499227
499892
498759
13113
485926
500500
1118
500500
1729
1700
480000
500397
500500
18141
499228
1097
3052
1104
500050
1634
1288
500331
500500
3272
1546
500336
1578
1260
1100
500345
498751
1323
488047
481925
1111
500500
477636
1259
500335
499971
500089
11539
499214
3001
18184
500500
500500
21726
2786
500366
500053
483045
1132
480524
500500
1104
13458
500500
14915
500500
499988
1664
1649
1135
500344
500500
500103
500500
500500
2853
478796
500360
499175
499215
500500
500358
499341
1121
1115
500500
499219
3754
500072
498767
1274
2794
2595
2859
1106
1285
21426
498833
499047
500500
1106
1103
499066
500500
499228
1307
500500
1600
492635
1830
2798
1089
500500
11500
22777
2575
500500
3019
500500
498507
1281
500021
500500
491077
3378
1290
482791
20103
500053
500500
35557
1095
498954
500500
1106
1111
1108
500500
1257
13470
500056
1306
3222
11568
500500
1117
1326
480091
500095
498948
500500
498948
1730
483559
500500
500500
1624
1287
2839
500027
500500
1239
499996
499984
21343
500500
3289
499987
500500
500500
500500
1634
1097
489217
493719
3001
498902
1569
3052
500351
500500
500338
498679
500363
500143
500500
500500
500500
1276
500500
1289
500500
1274
500129
500500
16348
1107
1091
500119
1311
1330
2487
1106
500500
1116
1254
10343
500065
500500
500500
2800
489370
500023
1223
500022
3185
2726
1565
493267
1335
1635
1685
500339
500090
500346
2681
3724
500500
3166
15096
500500
3724
500367
500500
1100
500500
500500
500500
500500
1723
487501
1629
500500
499050
12073
500500
500319
500325
500046
500348
450984
500359
499139
500500
1115
481077
1252
500368
17720
1298
500343
500500
1346
487201
500500
3619
1118
500500
500347
3956
1616
1639
1262
500020
3065
487647
500110
500500
1094
490630
498907
1128
484916
16638
486221
500500
1695
500304
500500
1117
1117
500500
11948
484944
10557
1121
2832
500500
500500
1090
499070
500006
500058
483633
500500
12623
498404
1721
2890
1107
500500
499972
1684
500500
498803
2432
498809
1308
500500
500500
1282
500075
500500
500500
500500
1732
1786
490761
487518
500500
1098
500063
499283
499200
12508
1747
1697
500500
500353
499973
500367
500019
500500
18703
500500
500500
1286
500500
1629
2642
500376
1366
500306
500071
1637
498713
2959
500136
500500
500500
1114
500065
498899
15336
500500
500355
500500
500098
500366
500500
499175
500372
500500
1111
14512
1708
499973
1759
1284
498966
500500
500372
499419
500345
2935
1117
13821
9516
10407
500500
1730
1285
499015
2599
500070
499937
500035
500500
498952
500369
500500
27398
500500
13542
500134
500304
500500
500054
2856
18763
500500
486304
480225
1125
1096
500500
1278
1313
500500
483559
500358
492191
1334
1615
500500
500053
483041
1253
2881
499006
3017
500325
500367
500352
1634
1291
8368
499129
500500
1819
479442
500044
18813
489688
27040
1110
500500
499998
1126
1114
500061
1125
500500
2443
1286
23024
1091
500500
1102
1096
500344
1128
15539
479922
500500
500500
500362
500111
500354
500500
500500
500126
1320
3183
3063
452922
15977
2859
1246
15977
498736
1622
500098
500500
498827
498853
500500
500500
482469
500500
500500
3166
500500
1121
500183
3434
1705
500358
498499
13129
1552
500360
13790
1096
499335
500338
500157
13216
1102
500361
17684
500013
2493
3525
1295
499267
499191
1653
3182
481389
500367
2790
498918
499947
1085
1106
500368
500087
18592
19037
1108
3402
1292
499180
30358
500500
1130
500500
500500
14298
1624
1758
500107
1115
500500
499954
498714
481948
1119
10488
1721
500500
500084
500500
1652
1129
1098
1309
500015
500500
479983
498745
500500
1274
1295
1111
500500
500361
1267
500500
26834
499034
500500
499977
498827
500500
1119
1242
500500
12784
499077
500347
500500
3279
500500
500014
1118
1107
499988
1121
500500
1287
3615
19954
2892
1674
500052
1720
2950
18058
1318
21707
2782
1086
499238
480965
2593
500500
500500
1859
2793
500500
500098
1296
1598
3115
492609
499030
500500
1099
493836
1283
2934
489681
500500
16753
24730
500500
490467
500500
2449
474113
500500
1312
500500
1284
500116
1129
1115
2813
498780
500327
500500
500500
1300
2707
1279
500369
500054
1090
500500
1107
2966
500500
14649
500046
500356
500500
3110
1711
3000
488594
500051
500500
1113
500500
1307
500500
1679
2981
500500
12426
1101
1539
500500
500500
498980
499969
1254
500500
484699
500500
1282
498887
2699
500500
13303
498071
1102
498443
1115
10604
500094
1671
38597
500500
16158
9487
1386
487340
500500
2831
1883
500500
2839
500500
500372
498096
500500
500500
500500
500500
500500
1348
500500
499993
500500
1120
499239
487736
499204
1107
498782
500084
1291
1111
500500
12933
1285
498969
499178
500368
498925
1291
1173
500500
1096
477179
9616
499252
2808
1277
1682
500141
2833
500346
1303
17772
500500
498951
488005
500500
1680
500500
500078
1089
1603
3043
2723
500366
467468
1572
481378
1256
1117
8971
1115
500327
490236
498535
498786
1108
488793
500500
1634
498808
500500
500500
500500
1800
1099
500346
500500
488457
10797
12725
500500
11623
1276
1117
500500
2980
477665
500024
500500
500375
17665
483303
23206
2907
500500
1732
2853
1256
1249
500500
12880
498960
499459
1122
500500
21302
2696
1713
1633
487189
8733
2961
500500
1090
500500
17166
1600
493818
1097
1106
15462
3033
500500
1569
483812
1330
499108
3474
1256
489517
1103
500043
1277
486707
1872
500372
2660
500183
500366
11239
500500
500069
499310
1276
486714
499067
499869
500387
500370
500349
500500
485958
500500
15848
1294
1277
15969
485626
500065
500028
42153
500361
1107
487393
498718
498865
500500
1826
500374
500371
1638
1102
500500
500500
500500
1296
499389
500500
498946
2652
499356
17933
500500
1664
490246
500500
1257
3443
1123
500500
500500
500011
500089
500149
2748
500377
500500
500500
18801
500500
485725
1122
500327
2916
498729
2788
487832
499143
498851
500500
10815
488562
500045
13222
1633
2506
1107
500500
500500
1667
3173
500068
498449
12169
1092
1643
1111
3117
498783
2854
1583
3449
1108
478304
1101
500500
1337
1304
1663
1263
500080
500500
500087
1337
499283
11376
490701
500500
500039
500369
500500
480109
500364
484350
33665
1127
498499
1108
3008
489131
1647
500069
499214
500358
500500
500098
500500
14148
1553
486694
9258
482297
1278
19321
13932
1290
500500
1113
3558
499007
3385
490542
500353
1303
500500
1579
500500
500050
1631
1678
500500
500361
490389
1260
500376
483353
486520
2759
1118
3127
489611
1286
500362
1107
11538
1248
1120
1593
19585
500500
500500
479135
15661
2829
2483
499165
500500
1270
1102
500500
500383
1102
500500
1119
1112
472465
500016
493830
500071
500069
1620
16903
499273
3421
500358
493602
463822
500381
1639
499051
1752
498934
1102
500377
19709
488219
499111
1727
500500
1091
500500
491292
492001
492799
12512
471492
3119
500306
1111
498898
1095
500323
14160
2506
1268
1116
3275
499146
1103
500500
1100
1674
1313
481998
499109
1717
500361
500500
499161
2910
500368
1114
1280
1090
2572
11548
500345
500500
500500
500351
500371
500106
500363
1311
11997
1115
1122
18536
1655
500500
500063
500500
1282
500337
499165
1119
499281
3324
1108
1257
1265
498529
1282
498933
499145
24954
1549
499122
499253
500500
499047
1814
1274
500500
486268
498934
1675
2426
1714
500056
499136
2849
500316
1315
500077
20552
493755
500500
1298
3681
1687
490775
500500
487120
1272
1127
500500
500500
11096
500500
1712
1307
500110
3159
500370
498697
500500
499044
500500
500029
492021
500500
500330
1712
488842
13699
1102
498358
8375
500500
13957
1288
493525
1678
3304
17085
2635
492599
1108
25751
500123
498601
499983
499430
1127
500500
500051
1690
500500
1675
500500
500354
498754
497613
1121
1244
500500
1089
500500
500500
500500
500500
500360
2616
1129
2738
11799
1282
500500
11535
500001
12559
4510
500500
498813
500362
1669
3293
499155
500127
19177
3079
1715
498955
500106
491448
489708
500500
16994
3515
490459
14869
1139
500500
2807
500298
14780
2649
24668
500317
1603
500500
500336
500364
1315
3160
1259
2726
1110
500080
1119
500061
500500
500500
500500
1327
499142
500500
500500
500500
482695
500500
500500
500150
500500
1614
500096
489300
9592
1109
499925
1114
500345
500328
1100
16246
492173
500368
486420
2887
500500
1104
500340
500285
500500
500141
3001
500500
1299
500500
3166
1692
500500
500500
1687
24937
500500
500066
500057
1630
1685
481512
500366
500500
1605
500358
1112
500500
500500
500320
1119
500500
12610
500339
1273
1122
1298
1105
500500
500500
1313
1623
500500
2770
3733
500378
500354
500308
479826
500500
1127
1110
2803
1334
499460
1105
10829
1251
500500
500110
500500
1123
1315
500500
9045
500063
499991
51742
500500
2869
485802
499077
3099
499125
473232
486477
2985
499270
499988
500500
500352
36011
21778
499140
1118
500060
1116
498825
485529
500500
1105
1284
1282
500500
500335
500500
499048
500364
500500
499101
1241
500500
2724
1301
500358
1302
3082
491054
500500
500037
500360
500500
1318
500500
3481
500359
500380
2563
1633
16532
499322
22418
1607
480777
500500
500368
2741
12723
499124
499188
490708
1264
500500
500500
1726
2688
500500
500081
1301
1284
8679
498974
498374
499012
500348
493272
1105
500500
500343
2408
499287
3456
1784
500500
500500
16684
500500
9584
2623
498736
500500
500500
2873
500500
500500
479775
498994
1609
1763
1614
500500
12418
500075
1123
498569
484859
16764
1113
500500
500500
500500
500361
3023
1630
498945
17688
1316
500500
486709
2884
2654
499128
1345
14355
499170
1290
500500
1772
500500
1273
3267
3144
500500
499305
500323
1112
500021
1294
2794
12348
500500
495012
500500
499175
1282
500500
498844
1271
500058
499425
500500
500500
9500
500500
485130
500076
1758
9882
1603
1266
1298
11682
500331
20043
500500
1114
1581
500500
4248
498196
500500
500127
500500
1301
500500
500073
15729
500101
499253
500011
485514
499173
500500
500341
2870
2728
2993
500107
1278
3503
2861
1249
3358
13912
499261
483321
2484
500500
499137
500071
1337
1721
500354
2776
1784
500500
487736
499131
1274
2744
500500
500500
500109
500392
500167
484135
500155
500500
1581
1140
499170
500500
1580
500500
500358
500370
500500
500500
478641
500500
500500
498452
1301
13987
500500
2311
499050
1129
19710
3726
10373
1285
499441
498560
500069
486630
500336
17062
2676
500500
500500
500500
500500
500102
499214
500086
500500
498969
500355
500073
1274
500500
1126
500068
1610
1099
492205
2887
2657
500341
1280
500500
500354
500500
498364
1676
1516
498635
1684
2943
19850
500500
3100
441534
500332
500057
500500
490879
1648
498969
1257
500047
500375
1266
477722
20298
499985
2935
499370
1104
498789
499330
3288
489639
1651
1298
500500
17222
1281
500376
500500
1265
1269
1133
1120
2830
1732
489303
500500
500500
1718
3198
481783
19177
500500
498802
1554
499048
500500
500359
2995
500500
1745
500500
500500
500500
1112
500500
2725
500500
3186
498315
1275
3065
1097
500351
500327
500500
2907
500351
1754
487348
1097
1294
1783
1623
1774
1274
500500
500500
1113
500500
19008
500371
471240
2818
1650
1114
488886
500500
2687
2706
499195
500500
2633
16679
500058
500500
1687
500079
500384
2698
3115
483730
20939
500500
500213
499340
1751
499425
14977
500500
499370
500073
1328
500500
3052
2933
500500
500368
500500
1269
499279
500500
500500
489296
500001
13142
1126
477940
1736
498927
1309
500109
498949
500176
500384
2923
1283
1607
1310
500043
483143
1603
500500
11560
500130
1106
22684
499187
500500
1108
500500
500378
9804
1105
20540
1104
1268
1121
500500
500500
1567
1322
500371
10810
1116
499988
500134
2387
1562
500500
1290
14842
500311
494101
2537
498807
19366
14004
2763
3018
500500
13391
2602
3171
500361
500500
500337
500500
500500
500157
500500
2611
2690
500350
500500
2592
500500
500500
500500
499996
15150
14491
3593
20784
500500
1681
500365
500500
1107
500344
1124
1628
500500
1119
25552
1107
500332
499190
10787
1652
2801
1737
1309
500500
500500
1334
500345
500500
499165
1102
37232
1311
1595
498727
500500
500500
1306
500067
500500
1272
1272
500500
1097
1121
500500
19493
19904
465094
14452
1109
1113
500500
500500
1331
499393
500500
1311
499294
500343
491651
1094
500081
1303
2931
500500
500157
500117
1522
500345
498364
500500
500325
2539
1272
1688
490019
500500
498946
500114
500500
18265
500017
1102
1096
1596
1271
500333
3029
11825
1096
2871
2659
1117
500341
1636
1657
500500
1598
1294
1238
3053
500500
500500
3488
500356
499339
500500
500139
16241
1592
18336
1261
1284
1257
1117
479853
500361
500071
2808
498955
1688
1104
12111
490538
500500
500500
490743
20607
1095
471187
1298
1700
500348
500500
1312
2620
500500
13928
500355
500500
500362
498995
1301
498963
500500
500343
499259
500500
498927
1111
500500
500500
500500
499307
1317
500500
499995
500039
500500
500500
2584
1085
1316
492316
500107
481092
1103
500112
500035
1641
500375
500371
500017
1275
500500
500363
500365
14846
1099
499393
3168
498907
500087
499219
1133
499072
499284
1107
500500
11132
1318
34071
500500
1764
2696
500345
500013
1328
500036
481790
498827
500500
15238
500500
500500
31876
1288
487241
1282
485447
1295
500158
1286
500500
500377
500500
1666
500324
488051
1114
500500
1099
500500
1273
2680
1625
500068
12030
1634
500500
498731
25693
500071
479868
1282
15773
500345
500500
1268
1117
500500
500351
1097
499994
1283
500500
500500
476573
1627
1739
499235
500500
499296
500305
500354
500357
499471
16887
21224
500500
500500
485762
498892
500500
500340
477528
1304
1711
26744
489099
500326
500500
500500
2812
16954
21529
498590
3430
488456
1658
499152
499192
1094
1289
500500
498451
11990
1276
500500
500358
1282
500500
488146
35548
3011
10575
500500
13457
1328
1827
16625
500095
2921
476915
1345
500349
2753
1633
7657
499001
500500
500500
500149
22155
1285
500500
1109
1247
500103
500158
500066
2656
480655
499034
3342
500366
1111
2908
479555
500345
1261
500500
489256
498732
498988
1110
500500
21724
499210
1651
500061
12987
500081
500354
500500
1624
500343
500500
499985
500500
1105
500010
1716
500353
500500
2519
498435
2569
1237
500347
1102
2610
500500
500500
2488
500500
499982
1705
500500
2695
500500
487847
15822
1246
500500
500500
500500
16654
499255
1104
1616
499383
492394
1117
1118
1275
2872
481419
500500
500328
499154
1351
500068
1255
500500
500037
500500
1341
500087
489932
1096
2917
500356
500500
9039
482931
500015
1668
26300
491691
498733
2749
1280
500337
499946
1744
499942
2720
1101
500137
500500
500500
1106
500500
1574
500380
1621
500500
1329
500500
500500
500500
500500
2437
1107
500058
1662
500500
498887
500130
3241
500341
500358
500006
3189
500354
500500
2310
1657
1116
500380
500127
498811
500038
500500
500041
500500
500332
489304
1092
1308
14877
500500
11919
500500
1120
1125
1648
1092
1661
500500
500373
498854
1138
500500
499337
500500
500347
500316
499398
1339
500500
500009
1287
1266
2827
500375
500500
489160
1317
500500
1266
500500
2650
499240
500500
1761
500500
1723
36767
500500
500500
1110
499987
500098
499452
500097
500500
499938
1117
1288
1352
2811
2924
8714
499305
500500
1103
499466
3120
500500
21128
490798
492796
500356
1316
1653
487384
499451
500500
1601
1097
1101
1595
500086
1241
11664
500136
500387
1571
1569
1120
1106
500500
498744
500500
1346
493828
18564
1123
1617
1651
1519
500500
1106
500362
2573
1091
1305
1619
1121
500500
499464
500500
1297
1102
500027
499270
500065
500500
499039
499206
1087
500500
10854
494755
2592
500500
54139
491134
3456
1277
1103
1307
498665
499091
500500
500332
2769
500500
500500
1591
500354
500500
1286
500500
13058
500500
1572
1641
500500
1297
500041
500500
500337
458682
500348
2937
500500
1109
500032
1597
500364
20479
500500
500370
1110
500358
500377
467029
1306
500500
500500
485493
1278
1723
1605
500012
1846
500344
500339
499040
3354
1679
2993
1112
484150
1103
500500
486532
500031
500500
499061
1686
500500
500061
500500
500500
493119
500500
500356
487687
1716
500500
500500
3188
500366
482675
1726
3173
500374
23961
500500
1283
2896
500001
500142
499266
500500
1320
486847
1659
2480
500369
500500
1718
498998
488509
1602
1289
2990
484838
9899
500364
500056
1641
465539
1111
500068
500355
1576
1322
1262
500093
500500
493685
500500
1699
1266
498975
500500
470334
500500
500500
2501
491811
498946
500500
500500
500500
13641
500330
1120
1606
499960
1692
2551
1111
500500
1669
500376
24268
491323
1616
1677
2589
500113
500137
500373
1259
1107
485162
1762
2998
500376
31211
1105
2657
500500
490738
1664
1108
1660
1239
498864
500500
500063
1084
482668
29532
1622
1097
499171
44463
500101
500500
1669
500500
500500
2849
2768
500500
1249
500500
499065
500500
500500
1652
499243
485998
1097
500038
498976
475416
1581
10518
489437
500051
1687
1362
499107
500500
500108
2917
1268
1125
500500
1097
500350
500350
2832
500192
500335
500500
1695
12754
500376
470856
489522
500107
500112
2646
1123
1650
500500
2442
498908
1121
3018
1103
500500
500329
1108
1090
1121
1125
19482
500500
1715
17277
9738
13716
1331
499358
500500
3306
500500
500089
498905
9730
499142
500500
13639
1732
11270
1291
486867
1115
3174
499144
500500
500500
1297
500500
499121
1222
499583
1241
500090
486770
470661
1687
1232
1271
8413
500105
1263
1303
500367
1121
1086
500500
500082
1648
1327
499131
1259
499996
500399
500500
16477
1276
472345
1265
500500
484468
1105
500500
1085
493395
14477
1767
499182
500085
1128
1103
1713
499273
2825
10820
500500
1293
500359
2998
500500
1336
499099
500072
15410
1581
485606
3529
478493
1287
19309
499179
1107
499313
1315
498678
1282
500500
500500
499961
500500
499377
500500
500108
500500
11131
1125
485460
1139
498760
1655
491519
500500
2462
1110
500500
500500
500339
500500
1609
3079
499114
1265
3114
500500
500035
488487
2716
500500
499978
500500
11900
500390
1282
499544
15753
14270
500500
499155
500500
500037
2613
1110
500500
499059
1274
20616
500500
500372
1312
15911
500089
500373
498577
2835
500377
500354
471041
499050
500500
499192
500376
500500
1245
13785
500053
500365
500080
30339
1301
3114
486493
13481
499374
1130
1100
2818
500500
20281
14471
500370
1251
500500
1643
11421
488940
500500
1251
1329
1111
499525
13602
499960
1636
1265
1704
500111
500355
500367
500500
499189
1297
500500
1109
500024
1308
1103
500354
499090
500125
55410
1257
500158
1114
500500
492631
1653
13140
1537
1110
500110
500353
1108
1654
12812
3639
500350
500500
1608
500500
485217
1676
1591
1631
1647
1286
500500
500500
13304
15446
2864
3153
1293
500065
497807
500357
8285
17373
1130
489913
500344
1281
500126
1134
2937
500500
1290
500500
19364
500353
2460
500085
500396
500500
498967
2846
500500
495268
2341
1254
500500
500331
499042
498458
500500
499067
9729
1698
1642
19082
1617
15936
500329
1690
1317
500330
491872
500044
1340
500363
2930
1262
500500
1291
1094
500500
485314
1111
500500
3067
498589
499433
498753
500500
472189
16062
500056
1102
499237
1101
1737
500500
499994
500362
475279
1112
2871
2907
500369
499128
500016
500500
1560
1092
500500
500500
2886
500500
500500
3254
499924
1100
480551
2661
498840
492751
1114
500139
1282
1605
1109
2986
1110
499248
498788
500500
1708
1328
1701
1577
13888
1297
500042
1360
2874
3292
500500
1095
499899
500500
1299
500500
1085
1299
500339
498776
19002
1680
500337
2565
11924
1643
500372
500362
500353
13749
1727
499337
2735
1117
1117
500361
1129
500500
499179
488902
2651
1087
500500
492042
483419
8872
500500
500376
500500
500500
1705
1335
499316
484047
2542
1515
500500
500500
1112
1130
500375
1131
486775
486708
1591
500363
500075
500073
500057
1100
500500
1118
499382
500500
487903
1559
1119
8760
1300
500500
500059
1370
500009
9114
2964
20127
1300
500500
500500
26933
2916
2724
1584
1667
19205
500050
495123
1292
500500
1303
500019
500500
1117
1610
500500
1585
1101
1277
18973
500004
3140
500500
1675
1112
500500
2957
499163
500500
490330
1119
500500
494009
9851
1578
500500
15321
500063
500306
1730
482072
484912
500500
500033
500500
1137
498821
1652
1318
1306
500048
1574
1678
499165
1302
1680
500500
500500
488779
1700
500365
499256
8508
2860
500500
489386
1338
500500
500039
1276
498898
1137
500341
1105
1297
27281
500298
1112
1707
484700
500331
500500
1281
498907
497219
499011
2920
499223
1618
3082
473991
500500
1676
500500
1795
38278
500115
1093
1123
11742
500115
500344
1556
500500
500500
500500
2866
14778
1106
500357
1319
472317
500500
499219
1586
1105
491349
500500
500352
500369
500500
10321
499273
1335
1331
1258
1625
468083
500500
1121
487093
3408
1117
1688
500500
500500
499194
1102
1320
11202
22325
1111
493509
1338
500500
1328
3497
500365
499039
500035
1305
1282
500500
1253
3281
1614
14716
500500
500500
1313
1766
499307
500500
500334
500500
500343
2945
1114
29904
500359
500500
500090
1608
1297
1293
1102
500080
498973
500063
500078
500500
2940
500500
1101
500132
500500
500376
498942
500346
500500
500500
1759
500361
500500
1296
30074
500331
13999
499191
3004
472817
500500
500500
13144
1303
3078
31478
500500
2930
24465
489578
15095
499155
500346
489728
500500
500500
12945
500500
1611
490371
500500
499284
1268
499993
500351
500500
1794
499589
500500
500387
14769
2462
500007
1094
500500
489243
29383
1261
500500
1628
40806
13011
2622
1320
500500
500124
14405
1245
500500
2891
490161
45177
9956
1284
499931
1286
498994
500500
11638
500500
1234
2963
14214
2529
1286
500337
500008
500500
491720
1106
500500
486035
500362
500500
1268
1102
492815
498886
1295
499179
1114
492577
500500
500118
500034
33520
2713
500086
1649
3012
486810
500056
500500
1817
22732
500046
499177
499347
500375
500500
2625
3021
500366
499147
1110
2897
500500
500500
500500
1269
491994
500500
1755
466972
1692
500500
2664
500500
479155
499260
1704
11997
1119
1275
500367
2636
499256
500346
499012
1541
1702
500356
500343
2783
500500
1101
500112
3032
498950
3102
500500
10677
500345
10715
500351
1261
500080
499320
500095
500500
1254
494029
498973
500390
1619
17128
500500
1304
499011
500500
479624
2508
18656
8006
500500
498530
500500
500500
15904
500351
490351
500325
25329
1674
2641
500500
25276
16012
500500
500500
500500
1321
500396
500322
9711
500500
500380
472305
1108
500364
500500
1292
500500
500016
500500
1099
499083
489065
500500
1311
500500
500059
500500
1122
500353
499381
500126
500075
10604
491982
3025
1620
490032
500500
1275
1329
500500
500046
500500
1607
1327
8833
500500
500500
499085
1763
500033
500139
486841
10088
1321
500500
498905
1592
500366
1101
500070
29380
481800
1095
3114
500500
488293
24302
500500
3071
2555
500347
500315
498892
500043
483680
491465
1114
500144
15332
500054
499195
3130
500036
1111
498929
36636
500050
500391
487070
2689
486336
18688
492272
25397
500363
499225
16216
500500
3340
15093
500353
492064
500049
488338
491831
2965
1311
500345
500500
1760
500376
1618
500356
1359
2898
15983
465254
2421
470629
8906
1580
1267
500111
1294
500075
1648
492459
1644
1271
498889
499149
479995
500500
499330
500057
486807
500359
16612
492226
1314
19328
498923
500327
1606
1273
1581
500500
500390
500379
500113
500036
3631
493361
500090
500500
1311
483234
30507
498819
2969
3171
500357
500345
17002
500118
499491
500346
500500
1290
499120
498852
490366
21169
500500
15843
9664
499261
500500
1109
462334
500500
1262
500500
1648
2672
499996
500098
500500
1105
499151
16971
2673
1095
500359
499007
1102
500500
500500
487813
500500
1110
500500
1290
26855
500500
1301
500016
500026
1088
1688
1321
20178
1254
2770
499994
1632
1122
1250
500379
500500
498764
14609
500372
499270
500500
1593
1279
1228
498920
500367
500500
13566
1681
500500
500500
11358
1140
500052
500055
498797
1546
1659
1305
1500
478257
20410
500319
484555
499102
1609
500027
1310
1108
3077
1241
499293
15185
500079
499363
2520
500369
12682
500500
11060
484789
500500
500120
1105
1117
498590
500371
23501
484291
491970
499056
1339
1102
2556
1288
500500
51524
500367
3062
499897
480198
1108
1230
500500
1275
500500
3049
2376
499165
500500
498973
500141
498205
500500
500096
500500
500329
500500
498816
499106
1785
1351
500341
1605
1747
500144
1276
500500
500500
500140
1108
498915
500500
1115
2620
498846
2576
1660
19934
1083
491238
12613
486830
17666
500078
500500
1096
2806
500500
500500
2679
500500
500500
500500
486240
1304
2485
500500
500031
500049
1114
500500
500052
500090
1295
1686
1102
1318
500054
3299
500500
3150
2555
486623
1283
1314
499470
1749
1625
2814
500364
21858
1252
2794
500017
500500
492527
500500
500078
1297
1102
500365
492332
500098
20944
500046
500500
500355
1631
1715
498921
1263
500072
1296
1245
1107
500351
482159
1117
500500
500372
3219
1105
1346
500037
500500
1121
2520
499968
500377
500121
1125
487303
1285
2982
18451
486468
1650
500500
1303
477524
500120
14787
500500
500085
500500
1615
1215
499147
1113
1630
499204
18200
2750
477479
500500
1124
1260
1691
499194
3184
500500
500500
500500
498823
500500
500334
11705
500024
500329
500500
1284
1310
1546
500500
500500
500500
489692
490372
500500
1763
500362
1742
1705
499316
498530
499987
1269
2873
12148
1258
13928
498939
14312
1678
1108
468778
500375
500500
1313
500500
500366
500500
13655
500500
23313
13211
500392
24991
500350
500500
486854
1583
14714
500356
498897
500359
500053
2554
499205
1668
490519
1331
1108
1299
500500
486729
500368
490964
500500
23608
500335
500500
14710
1120
2874
500374
479722
498763
500500
500053
1296
500500
498916
500076
489320
499371
3242
479971
500360
2707
500500
498561
500500
500347
500500
500073
499003
17091
500500
500500
1268
490652
500339
1118
1738
500500
1638
500500
1080
500500
1282
500500
500500
486931
1120
500500
2905
500500
1094
1269
500097
500500
1257
500311
498682
499116
500500
8491
500364
3722
499974
17289
500059
500500
2804
1264
500500
1292
498943
1724
1664
2818
485106
500500
491037
500365
16245
500375
500331
1663
1112
499083
1599
1714
500500
500500
1572
500500
1092
1334
1615
500500
486217
500357
1538
500500
16414
499213
500379
2901
15272
13229
1096
500370
498952
499188
9601
4248
499230
1306
500350
3097
500372
499120
500500
500500
499351
492493
500500
1115
500500
500364
500500
1698
499125
1299
13700
500052
500094
1130
482584
1111
500368
1260
1110
500500
2544
500500
2970
480493
500346
2820
1089
500128
500500
500084
482747
37468
2806
500500
1107
500500
498827
498832
500120
1697
483761
499254
12765
1280
500500
500500
9558
2388
1323
1265
500339
500352
500500
500500
1684
2783
1308
1258
1100
500118
9645
1339
500110
480001
22917
2724
1110
500336
493027
1698
2588
1110
499298
1314
1109
500096
36267
1633
500095
500384
500500
500500
500080
500050
500500
499988
500374
18407
500500
1318
477980
500500
1308
484474
1112
1280
3107
500500
500362
500359
2462
1618
499412
500500
500114
13617
490653
2622
500500
1790
499232
500500
500372
11501
499193
1114
18281
17543
485542
500377
1595
11719
492864
19583
499194
500500
500500
493621
1350
486612
500035
500348
12231
500500
1109
14025
500500
500353
19946
9757
1109
3337
1125
1113
1703
21619
500500
499124
1672
1107
500112
500096
485324
3234
1094
1093
480592
1680
500348
12054
2516
499066
3213
13893
500500
3112
488197
1674
485229
500359
500500
500119
500500
2711
11033
499393
2495
500089
500325
2433
1107
1256
1327
1095
17653
24449
1297
499065
498871
499170
1640
8576
500333
500500
1118
500500
500353
499280
1116
498929
489078
500035
500140
500381
15696
500348
2813
499119
500028
500079
475132
489582
478954
500500
488615
500500
2678
500110
500112
1302
500076
12565
500038
500500
1113
498921
500500
500500
500500
1681
3222
500500
1130
1617
485943
500500
18311
500350
1090
500500
500500
16948
1108
3105
493582
1251
497928
498873
9438
500500
500500
500005
2487
481873
1275
500147
11124
500500
500026
1102
500081
1246
1291
1577
2558
1121
1098
500362
476890
500500
500500
10518
500500
500500
480486
1114
500074
1102
8813
1676
23474
500500
2814
17736
1096
500500
1311
500500
2957
499341
1665
1287
2741
9230
500500
1103
2867
499550
1247
484616
500354
1318
3616
489200
485929
500333
1681
1274
500349
500101
2667
500342
500500
1705
500500
488308
40284
1607
1096
500381
500358
499317
500500
500361
1091
498790
500350
2768
1103
1292
1270
14458
499004
1108
2843
1100
500500
500052
22331
1605
500500
500500
2719
1293
11035
500378
500107
498835
492055
499898
1281
1338
494229
1685
487639
500116
500500
500140
1133
1110
500033
1616
487613
1506
500083
483238
1752
500362
494232
500352
10942
499405
499053
500327
492400
2819
1099
500500
1650
1265
2447
500500
10072
1105
1097
17853
1285
498809
500356
500500
2752
1230
1099
3566
500500
499225
500361
11527
500500
3022
499988
500500
500500
490398
1587
1674
3249
1103
8847
500500
1105
1271
2863
499247
1614
2596
500351
500146
500500
500500
1235
500500
2865
2726
1107
480533
500500
13538
1106
490343
500357
1300
2545
500347
1701
2862
481596
500500
3135
500500
500500
13973
1281
16260
2680
499275
500500
3162
1277
500079
1324
1110
500363
1105
3118
500500
2551
500500
499065
500500
1330
1094
11697
2434
2584
31972
2859
12718
1570
499227
486107
9198
1108
1327
500024
500367
500143
12913
477121
485668
3272
500350
1102
1338
20027
1579
489574
1595
500357
2763
3198
1329
1619
1656
1238
500373
500500
486670
500500
499314
1286
500062
1577
491354
488826
1252
2557
1576
499361
485402
1102
1095
500133
1096
1273
14973
494247
500500
1292
490262
500128
500500
3674
499352
500352
15899
499184
500144
1261
481709
2447
499241
483855
1621
500353
498983
500338
1122
1643
489959
478599
1703
500500
1747
20371
475148
498310
2988
1277
1093
9180
1121
500343
500500
1092
500328
500035
1103
500500
1626
2810
1094
1699
1319
32874
489813
489108
1311
500500
488743
500114
1258
500022
1723
1593
500500
1633
1662
2866
500339
1289
500500
498949
500325
500500
500064
500500
1261
471891
2718
500107
1714
498842
500500
500379
498959
478921
500500
500062
5707
500500
24411
500500
499499
31502
1109
1644
498997
1829
2921
1120
8167
500500
500500
1286
2485
500500
499388
1610
2480
500372
500500
1306
8408
500104
23581
500347
500500
1561
1735
1318
500500
1093
1118
1149
1259
500500
489610
500366
500500
500500
500500
500500
499946
500357
499319
500371
500500
500500
498488
477789
17419
500500
500500
3069
1329
499305
500384
500040
491518
500500
500500
500355
18482
13628
500104
16917
1267
2865
500369
1546
1642
500069
498913
1541
1606
1291
17544
1309
8977
16933
1638
1328
498946
1739
499173
500500
500331
1688
489975
500500
500500
1092
500075
1114
1118
488658
1289
1314
499950
12614
1256
500500
500326
489684
1111
1105
500500
500109
500111
500500
484337
1618
500078
500098
3140
1278
29655
498237
3217
1288
500500
494554
1607
500500
500376
1646
1709
499388
500360
500500
1105
500345
500369
500335
1596
2853
500108
499023
17689
500500
500367
2521
500341
500329
1329
1592
500500
498665
487636
1764
476115
3354
1104
500500
499107
466372
500500
500368
2684
485522
1117
1285
2637
1115
500108
500500
474253
1630
500500
492669
498509
500048
2549
1105
15161
1546
470168
482798
498562
1255
500100
11431
500500
1598
1314
1314
500500
498807
500500
492938
500500
499368
20144
500133
500500
500500
1623
500006
1304
500337
6926
491869
1292
492488
2557
1088
1113
23509
500500
500352
500119
1597
494366
500340
499115
500068
1754
1108
500139
500500
1612
498731
17393
484711
500002
1507
500317
498318
25986
2921
494022
500500
491926
500500
500500
2828
499001
492115
498605
1121
1583
13273
500500
1098
500500
1113
500500
1114
23082
500500
1104
500500
500056
500500
1679
500343
2646
20948
500308
500500
1755
1288
26858
498891
500074
500500
1683
491092
2832
10974
500500
500345
1599
486435
500500
3227
490017
500500
485938
494042
500035
500000
500500
1123
1303
1655
500500
488623
3141
1100
500363
1688
500500
1124
500500
500403
498861
9728
500352
500500
36246
16498
500353
489377
1279
500323
3776
1117
1291
500500
500500
500380
500120
1710
1254
498767
498699
1239
1720
500500
34183
500343
500500
2619
15771
499161
499095
3322
1580
500500
499259
1300
500500
1298
500066
19167
500056
500326
1543
1275
500036
500356
2713
3185
16639
491970
482381
498841
500500
500500
3225
500500
499182
500500
18988
500368
500105
1306
500500
1281
489497
500077
500500
500039
1101
500351
499161
500381
500500
1691
500005
500500
499119
500500
1105
1253
500326
500017
500109
15462
1273
500500
2680
1113
480266
500350
500500
1112
2858
500500
500500
1257
499094
9556
25528
482477
1099
500096
498735
3527
500500
500373
36929
500500
492029
490172
1690
39154
2981
2802
500500
500316
500046
3126
500382
1504
3449
27788
500500
500064
499114
2756
476126
500374
1291
500500
500324
474757
3716
1266
1675
489530
1117
500500
500500
1670
1706
499464
500500
1113
499414
1317
500500
1101
1115
500376
499160
500088
490271
1280
17944
500357
491420
500346
499297
500500
1236
500058
500379
500500
1113
494299
2809
499146
500500
500061
500500
2823
1701
3056
500380
500353
484515
484839
500358
500500
15096
485102
500328
1314
1591
500500
3017
12041
24173
500361
25937
482485
500068
500500
500500
499335
1111
2865
1663
2960
500500
500500
1119
500500
499213
500500
1717
1252
26922
1118
500365
500361
489036
1306
500104
500500
500051
1125
500201
21553
500500
500500
500500
1703
3466
1105
500500
2789
500354
1126
500500
1627
498968
16024
500500
500500
500500
498832
1120
500500
500333
499966
500500
1292
1667
500368
1264
499203
1118
7305
499248
2399
1097
3059
1305
3622
1544
3224
19204
1271
2733
500500
487890
1294
14398
499083
1719
490099
500340
2836
492826
1677
1115
1722
499466
498825
499287
498996
1278
3875
1125
500058
500500
1121
475138
1089
500500
1335
1306
1111
1617
498914
1274
500500
2554
1292
500321
1283
488349
1122
500025
500164
489371
499988
486457
1722
1792
499894
500148
16406
1090
3223
500500
500500
19813
500054
500500
500082
2919
22377
1327
499061
3526
475927
1112
500500
500500
1817
2661
1756
14085
1124
500500
498771
500324
2814
499318
3024
1257
2996
500500
500500
500500
499401
500500
500500
500057
1300
1286
500500
14676
10525
500374
500500
1300
9381
476820
498705
1102
499686
498700
1261
490791
1321
19281
499501
499840
6553
499185
1667
500335
500500
499090
500500
484008
2729
500337
1266
10104
500500
1271
1259
500500
2828
10917
1264
500149
500094
500374
1354
499266
1669
20221
1251
1587
500130
500500
500113
1745
500082
2676
20366
1758
500500
500500
500500
500338
500500
499170
1111
1247
498782
10640
498819
500171
500500
1654
500500
1288
1338
498838
1728
1628
500500
24967
500500
500390
14637
1118
499243
1288
500369
1610
2791
500339
500371
500326
489206
2742
2628
500385
1278
2503
500044
1301
1765
499100
1298
500381
2831
2644
488159
500500
2832
2368
481297
500500
10014
500500
1092
1110
1337
500500
500391
487414
500354
499292
1674
1261
1116
1267
499447
500080
500004
483538
500154
499112
500358
491842
1315
14698
13345
500500
499242
490655
1332
499294
500500
2930
1674
500500
500500
1288
2977
1627
483725
500500
1315
488678
1111
500077
1307
2723
498702
27186
500356
1651
500500
500500
1632
1281
499487
17518
500322
500063
500388
500500
500500
492758
500500
500376
500500
500112
500500
500370
500500
10268
500500
13383
1306
1109
35798
1661
500500
1288
500500
498911
22859
1523
14220
3367
500387
500375
485590
1115
1109
491994
500099
3782
1256
500344
499028
1128
14522
481933
499955
500076
2726
1647
500015
1120
2481
500353
2826
500086
499034
484351
500015
500500
1591
500500
1120
500500
500352
16243
500373
1098
3699
500065
500010
500373
498807
1108
500500
2958
486780
499100
1110
1233
500500
1673
471089
499219
498847
500500
492196
1523
500500
469733
2940
13281
3111
24359
3125
500068
3110
498972
1300
1293
28059
498638
500500
1309
488021
499147
500353
1286
2614
500076
499198
1684
478130
490903
484912
500500
3269
2799
482831
480449
1655
2061
498575
1127
1087
3102
500101
499039
488390
499062
500370
1636
500500
500118
2399
500351
1105
1656
1091
1774
2862
1283
486489
500500
493525
1270
500500
499077
1110
1301
489497
499100
500500
1096
2690
500500
499217
2968
500500
491464
1287
500120
500024
3219
500500
498712
500500
500500
2778
1300
500500
1542
21293
1095
500356
2517
500071
1680
500500
15932
1113
500355
3243
491210
1225
500365
498872
500020
1298
500500
483563
1095
500016
3144
14560
500500
1243
1263
1282
500500
500500
499975
498866
1108
13624
1771
1301
1118
500500
1690
1327
1101
500500
1099
1297
500095
14711
500500
500327
1459
1119
2793
35728
500500
499239
500364
1727
1111
500366
500093
2960
1265
2858
500349
499071
498480
499939
489459
500026
500350
500367
489980
1547
1630
3968
500500
1250
1106
500500
11957
500500
490999
500358
500116
16087
500500
480020
1318
486078
500357
1112
3003
500500
500349
500050
500031
500500
2712
1518
1261
500058
500360
1686
500500
500500
500500
3814
1090
1298
500500
500500
1282
2582
500100
500500
500366
1116
500500
16040
1695
500500
12205
500183
2733
1292
500500
1084
499191
500500
1637
3704
1313
498985
1345
17562
500010
8882
1263
484069
500373
1276
499236
2827
1271
1096
500060
1115
1106
3024
500322
1355
1324
500083
1613
1281
500091
1133
1326
499210
500364
2850
19405
499315
500325
500500
3357
500500
1294
500500
1793
499148
500344
500094
1101
500500
489265
11402
500021
3109
500500
2970
500500
500081
500083
3290
500353
1097
2428
2488
10161
1262
500376
9545
3650
1305
1259
8118
500500
1671
500352
500500
12658
3153
1104
3437
498957
500500
491122
500500
500374
479140
498745
500500
500364
1105
490968
1106
1283
500334
1109
1806
500500
500500
1113
500091
9407
500354
500340
1281
1289
1278
1319
1109
500500
497954
500339
500100
1131
499001
500382
500043
500500
499405
20729
490249
500354
10329
1112
27111
500371
500067
489997
499046
1651
1134
500388
500500
500094
500500
12530
500500
500384
2722
500500
498977
1296
500500
500355
500500
2592
1667
490080
487547
1762
500067
500500
500331
1253
16763
500500
500073
1328
500500
1292
1291
498970
1262
1331
498893
22881
491037
500020
15463
500500
484870
500051
1109
3172
498067
1309
500374
500379
14592
500500
1234
2863
490879
500040
485041
1319
1716
473310
499511
1662
500126
500500
499136
500500
33742
500500
1253
500500
500374
490296
500026
2702
500338
2677
488117
500030
1269
1282
1136
2933
1290
500128
500099
484402
500355
500500
500066
2885
2599
1104
500500
500050
500369
500500
500500
17320
487049
1111
480999
8251
1291
2945
499114
500015
500500
500500
1291
1281
500500
500500
499216
489482
1088
2592
500319
500500
1285
1106
3273
13846
488751
1610
500331
500123
500160
1112
1281
500356
1268
499293
1112
500500
500064
500337
490653
1298
1284
1268
1801
500364
498929
2898
1601
500500
499049
500500
494627
500500
1316
495417
474957
1259
500012
1708
500040
498702
1135
1703
500500
1669
500500
1682
1109
1257
500500
498988
500500
1116
17317
10974
476772
500148
500500
1705
500353
500310
3550
500365
1271
1302
1682
500128
13012
1653
500071
500500
1115
500091
500372
16999
1098
500500
484228
12784
500327
1110
1667
500119
500500
1113
21768
477940
1601
1102
481409
2709
1126
499998
500500
1308
1113
484910
500500
500500
2894
500500
3653
500500
2831
499007
500500
489145
500346
1697
484688
1090
500346
14248
500500
500500
500362
499225
500500
1090
1098
1278
500033
499591
500500
1104
475653
500500
1266
485083
500500
500500
500500
500500
500500
14280
498978
1295
487029
500362
2866
1299
500500
1112
500500
500067
1327
1114
500500
500002
1319
500364
1111
2557
1116
1111
492670
1647
500500
2468
500500
499992
500083
1266
499290
484334
1094
500500
484903
1738
2847
500500
500500
500337
500500
500500
16571
500500
500500
478750
500137
498937
500364
498956
500335
489783
2488
500500
500500
2780
492332
498930
17789
500500
1718
500372
499071
500353
500500
499450
1285
500328
23382
1252
499246
1373
497958
1108
498953
24383
500364
500009
500363
499362
15096
3498
500331
1284
484857
500368
1531
500500
500500
2701
11799
2755
1095
1621
1099
1591
1101
18314
1290
493805
500335
2609
1690
475820
1094
500378
500500
1272
500399
1330
500500
500338
500500
500500
500500
500500
500031
499164
1112
486841
484787
500500
500500
1292
500347
3372
500370
477982
3046
500500
500354
1260
499400
1283
481816
491717
1109
498983
2778
29318
500500
490970
500500
1120
1099
1290
499992
500349
1102
1301
9837
482784
500360
20151
3073
1642
1297
499999
1658
500071
499937
1096
2734
1388
1106
1945
3028
486908
500371
499116
498637
500078
499977
500500
1267
1261
1114
1561
16850
1333
11861
2799
469347
1140
499166
1091
500500
500500
1764
498924
499159
11448
1102
1294
1755
486515
1643
500500
498961
1682
500348
486380
3164
500500
500500
500500
3486
500351
500500
500500
487546
499930
1298
1630
498818
500500
500500
500022
1115
498734
3077
3074
500500
15410
24786
23053
490272
500500
3092
499143
500355
1117
498976
491499
1554
500500
500381
500500
1249
500368
500368
500358
500500
500354
13327
1089
13267
481752
3346
3473
500374
500380
1545
500335
1623
498770
13906
500109
500500
500095
3654
500353
500087
500336
500500
500500
499530
1279
2836
500500
500321
499041
2972
1708
500367
500500
20548
500500
498952
500114
500500
2683
1650
1625
498846
499463
500500
1104
470576
1100
499329
1110
2755
499218
500500
500500
500065
1276
3385
3085
500076
489515
1086
1106
500376
500500
485629
500343
500500
498888
1584
500315
16510
1721
492698
499239
1689
499177
500500
500500
2742
1273
1119
16107
1120
500357
491447
500500
1615
1617
500500
3421
1115
16032
1831
500500
1113
2751
3180
500094
500500
1660
491481
500369
500500
500500
499982
500364
499399
500500
499099
500088
493008
493610
1262
475724
493014
500075
1307
1107
2993
1101
14686
6149
1662
500148
500329
500500
499946
3173
1294
499322
489431
500500
1668
500153
2482
500374
450654
500140
1656
1619
500054
12826
1300
500500
483981
1673
500348
1658
499145
500116
500500
500500
500500
2810
1336
1117
500500
500372
500500
1658
1111
1274
1615
500500
500500
10369
3149
500500
500174
3007
483380
498748
19778
20541
499180
500013
1722
12079
499993
1566
500500
500500
500065
1280
499351
12180
500343
35439
1235
1293
1796
500500
500500
500004
1715
500500
1115
500500
499169
499304
500500
486735
1630
500041
1309
500130
1093
500187
1249
1692
1108
3550
1647
500006
500348
1565
481012
499000
498908
500359
3143
16852
488204
500039
15532
1256
1765
2506
500347
500069
27667
500353
500500
478893
498315
1340
500120
491280
500372
2747
500346
1663
1113
2584
500343
3040
1305
500500
500500
494770
488225
1099
1798
500500
491215
18795
1308
500052
1119
1271
498898
1112
500500
1787
500046
500500
500109
500337
500500
2805
500338
500103
1291
499059
500357
500500
500095
498931
1102
498991
494110
1120
500039
500371
489899
498300
2733
3033
1257
499993
499078
1264
1117
500052
500011
498781
12898
1104
500327
2794
500500
500055
500500
1306
488196
2673
1693
500500
499998
50150
1635
12300
1716
22545
500351
1638
480832
500500
500500
2872
2468
1108
1292
485782
490328
500500
1284
500500
1296
1613
3216
499961
500500
500366
1312
480197
17916
1109
463946
488695
499429
500079
1518
498768
500500
500056
500363
499164
500500
500108
500024
490321
499089
500500
500500
499169
1306
1108
500500
1276
500500
500500
1106
500064
500040
500076
491931
1696
500500
1110
1108
2485
1113
499909
499318
499273
486840
3370
1601
1274
15294
1689
500500
500500
1699
1123
500356
500500
16888
1317
498891
2735
1090
500500
500353
491047
500500
498918
500158
498760
484114
1118
1303
1341
1612
498975
500500
488389
1114
500500
475022
500500
500500
10381
500086
3081
500339
486715
1294
500347
2562
2378
2675
484727
500500
500344
492382
1271
500500
14672
2680
500353
1107
2529
491278
1637
491407
1113
499339
474895
498637
12248
1263
500145
1282
500127
1603
500500
1250
1700
500373
499034
1301
1096
500073
489712
500000
500500
500500
1588
1103
499915
1727
489659
500500
12349
3356
500365
500060
485178
1606
500500
500500
499041
1281
10955
500500
500500
500500
1375
2885
2743
484621
500500
500339
1274
12336
1285
488805
487520
26986
500344
499138
28233
1282
482248
2706
500500
498922
498738
488157
1289
500351
499360
500343
20669
499002
1257
1122
1279
489648
1598
500356
500500
485821
490792
500023
491106
499377
499412
500500
499121
478538
1277
500500
500337
490676
500039
500063
1102
14208
1122
1104
472054
500500
2891
12127
1122
1274
500062
500500
1101
500348
18252
499243
12391
1687
1647
499154
489428
3096
11985
1290
1114
1755
500097
500351
1094
500371
1772
500500
500135
500368
18650
500500
492969
489240
3005
14646
499983
500500
1127
34970
2661
486268
1127
482544
23467
499964
489135
1734
1286
1288
500500
2868
487396
1288
17791
1355
10584
498609
500500
489289
1309
488480
500500
1267
1108
15963
499445
500060
492748
500367
1120
490413
1277
1103
1122
1654
499116
479131
2681
2515
487237
500500
500500
492415
3075
1102
1114
20551
1122
472726
1289
500500
1103
500102
16374
498972
9737
489261
500500
499183
498882
498962
500500
1114
16473
497719
498752
12727
3025
500371
500356
500026
20723
498945
484063
1267
488332
11349
2732
500500
1082
500500
500076
481678
500365
500500
500500
500500
500500
499097
1120
1310
1579
500500
1261
500500
500118
500365
23025
22420
498800
500077
10154
1355
2380
500360
500069
1291
1309
1107
499160
499173
500068
500500
500388
15665
2288
500054
1311
500500
498885
498801
16502
2485
500500
1317
500313
500070
1289
1111
500500
4281
500500
500500
481117
1117
1574
1648
1617
499169
3257
500039
2930
500500
480728
1646
500375
499140
500024
10821
2605
16921
1309
3035
500500
500500
483859
2977
1634
1098
21285
500339
1565
500353
500123
500068
1306
1306
499028
1281
500031
1295
500357
1643
500069
500500
1615
1643
500500
2794
500500
474374
500500
500010
1756
1268
500097
500132
1344
500161
499284
498336
13976
3106
499505
1099
11066
3301
13019
1565
1553
500500
3370
500369
500341
500091
500500
1084
1125
500500
500500
17526
1761
477534
500117
1122
500500
3536
500369
2769
500349
10279
499971
498919
500500
500021
1615
500366
499237
494342
2938
2549
500500
3247
1721
1665
1622
1098
1272
500111
1592
500392
498943
484936
500349
499061
1284
1269
500356
500385
500006
1306
500500
477480
500335
500110
479781
500337
1737
3108
500320
500500
1108
494273
1097
500500
500330
1094
500331
1281
500085
1121
1116
1099
1662
11026
17180
499239
20118
13399
1590
2876
500381
21359
500047
500332
1108
500343
500053
500112
1304
499957
2571
500320
500500
3244
1541
498235
1129
3221
499998
500500
1745
14802
500500
1104
499452
2603
500342
1290
500188
1267
490621
500500
500500
1289
1287
486985
499351
1316
11475
500500
1663
500500
1820
498812
1617
3036
500399
1285
3000
498858
493049
1124
14349
488000
1251
1101
1779
2548
29703
10442
490668
499043
499989
1307
1316
2567
499252
1101
498986
500327
500341
500500
499965
466579
1099
500127
485557
2868
500328
3080
500500
500500
500125
1110
500500
489402
2782
500500
489077
1658
1112
2884
488900
23307
500500
1309
500358
487326
500383
3646
3067
500500
1107
491822
498753
500500
2792
489361
11141
498697
1289
500500
2624
1299
500378
1120
500500
499194
500135
2879
489743
499137
494449
1121
17863
1293
499420
500076
500500
3020
486736
500393
478255
500500
500375
500500
500500
3180
500500
1106
499253
2924
500500
1589
498422
500383
482935
3168
500354
12270
1111
11696
500130
1097
3346
500500
16292
3062
500362
3012
500500
500043
499994
1134
500135
500500
1096
500500
1723
24944
500500
1325
500500
485078
500500
500355
499187
487125
1310
500500
1114
17101
500379
3005
500500
1116
1329
1286
1276
2509
500076
1763
500059
1110
1115
1295
22359
1739
498580
485071
484326
2549
500500
491970
21210
500390
1353
1340
500370
500029
488074
500500
494530
500500
13096
1615
498945
1281
1109
1243
1106
1710
1324
500340
17596
484320
3057
500335
500500
500066
493792
500344
1607
1300
500343
500500
1744
500500
500321
489896
1080
1666
500369
3017
1340
1298
25830
2878
1116
498763
2828
500500
500346
500500
500500
491693
500500
1716
1635
2940
500343
1697
2694
1614
499151
490223
499892
484333
2907
2563
500043
16257
500500
500500
499960
1111
500500
500367
486416
1131
25371
3631
1273
1312
500328
491469
500500
500500
485809
498362
500125
12831
1100
500354
500340
1603
1118
1702
498806
1326
499150
32754
490386
2415
1264
1299
1302
3374
8947
1315
499045
498850
1592
500346
1108
21824
491366
500334
71746
487628
11447
1674
1255
1254
500046
499100
1296
1089
18195
500348
15386
483533
1112
1705
499345
500103
500500
473726
500341
1323
1606
500335
500500
1096
1326
1337
500500
1249
3112
492361
34106
500500
472556
500500
1337
500369
500316
500326
499304
1586
1106
1261
40005
1317
500500
1660
3643
1107
498996
500500
1309
500500
3048
500367
500500
500331
1239
1300
485085
500500
7609
3715
1305
500500
500500
500359
1253
500500
1101
1324
1117
500069
1353
500074
499128
500500
498468
1103
1664
481393
1089
499273
499161
500383
500376
491061
500354
